1 HB6104 1  7
2 HB6060 1  4
3 HB6029 1  2
4 HB6073 1  1
5 HB6056 1  6
6 HB6030 1  5
7 HB6034 1  3
8 HB6057 1  0
9 HB6109 2  7
10 HB6046 2  4
11 HB6160 2  2
12 HB6137 2  1
13 HB6107 2  6
14 HB6013 2  5
15 HB6045 2  3
16 HB6043 2  0
17 HB6014 3  7
18 HB6018 3  4
19 HB6015 3  2
20 HB6016 3  1
21 HB6022 3  6
22 HB6020 3  5
23 HB6021 3  3
24 HB6017 3  0
25 HB6000 4  7
26 HB6150 4  4
27 HB6010 4  2
28 HB6002 4  1
29 HB6106 4  6
30 HB6114 4  5
31 HB6139 4  3
32 HB6025 4  0
33 HB6026 5  7
34 HB6152 5  4
35 HB6027 5  2
36 HB6111 5  1
37 HB6077 5  6
38 HB6153 5  5
39 HB6101 5  3
40 HB6105 5  0
41 HB6154 6  7
42 HB6085 6  4
43 HB6082 6  2
44 HB6083 6  1
45 HB6084 6  6
46 HB6122 6  5
47 HB6184 6  3
48 HB6064 6  0
49 HB6069 7  7
50 HB6161 7  4
51 HB6155 7  2
52 HB6156 7  1
53 HB6157 7  6
54 HB6128 7  5
55 HB6158 7  3
56 HB6126 7  0
57 HB6186 8  7
58 HB6102 8  4
59 HB6103 8  2
60 HB6144 8  1
61 HB6145 8  6
62 HB6124 8  5
63 HB5839 8  3
64 HB5831 8  0
65 HB5997 9  7
66 HB6049 9  4
67 HB6050 9  2
68 HB6051 9  1
69 HB5946 9  6
70 HB5943 9  5
71 HB5947 9  3
72 HB5945 9  0
73 HB5987 10  7
74 HB5949 10  4
75 HB5950 10  2
76 HB5938 10  1
77 HB5939 10  6
78 HB5957 10  5
79 HB5959 10  3
80 HB5961 10  0
81 HB5962 11  7
82 HB5977 11  4
83 HB5981 11  2
84 HB5973 11  1
85 HB5952 11  6
86 HB5899 11  5
87 HB5881 11  3
88 HB5909 11  0
89 HB5964 12  7
90 HB5969 12  4
91 HB5972 12  2
92 HB5915 12  1
93 HB5936 12  6
94 HB5895 12  5
95 HB6304 12  3
96 HB6173 12  0
97 HB6183 13  7
98 HB6228 13  4
99 HB6248 13  2
100 HB5878 13  1
101 HB6902 13  6
102 HB6914 13  5
103 HB6915 13  3
104 HB6913 13  0
105 HB6903 14  7
106 HB6907 14  4
107 HB6910 14  2
108 HB6900 14  1
109 HB6901 14  6
110 HB6865 14  5
111 HB6889 14  3
112 HB6920 14  0
113 HB6908 15  7
114 HB6917 15  4
115 HB6870 15  2
116 HB6874 15  1
117 HB6894 15  6
118 HB6893 15  5
119 HB6895 15  3
120 HB6892 15  0
121 HB6891 16  7
122 HB6890 16  4
123 HB6864 16  2
124 HB6869 16  1
125 HB6888 16  6
126 HB6921 16  5
127 HB6923 16  3
128 HB6906 16  0
129 HB6922 17  7
130 HB6970 17  4
131 HB6972 17  2
132 HB6973 17  1
133 HB6937 17  6
134 HB6938 17  5
135 HB6940 17  3
136 HB6945 17  0
137 HB6946 18  7
138 HB6960 18  4
139 HB6924 18  2
140 HB6925 18  1
141 HB6928 18  6
142 HB6929 18  5
143 HB6930 18  3
144 HB6931 18  0
145 HB6932 19  7
146 HB6977 19  4
147 HB6978 19  2
148 HB6979 19  1
149 HB6980 19  6
150 HB6983 19  5
151 HB6986 19  3
152 HB6179 19  0
153 HB9209 20  7
154 HB6136 20  4
155 HB6177 20  2
156 HB6176 20  1
157 HB6175 20  6
158 HB6174 20  5
159 HB6172 20  3
160 HB6170 20  0
161 HB6135 21  7
162 HB6134 21  4
163 HB6133 21  2
164 HB6168 21  1
165 HB6132 21  6
166 HB6988 21  5
167 HB6991 21  3
168 HB6992 21  0
169 HB7023 22  7
170 HB7024 22  4
171 HB7025 22  2
172 HB7028 22  1
173 HB7029 22  6
174 HB7033 22  5
175 HB7034 22  3
176 HB6999 22  0
177 HB7045 23  7
178 HB7051 23  4
179 HB7053 23  2
180 HB7054 23  1
181 HB7082 23  6
182 HB7096 23  5
183 HB7097 23  3
184 HB7098 23  0
185 HB7076 24  7
186 HB7077 24  4
187 HB7078 24  2
188 HB7079 24  1
189 HB7070 24  6
190 HB7071 24  5
191 HB7074 24  3
192 HB7075 24  0
193 HB7063 25  7
194 HB7065 25  4
195 HB7066 25  2
196 HB7067 25  1
197 HB7055 25  6
198 HB7037 25  5
199 HB7059 25  3
200 HB7062 25  0
201 HB7359 26  7
202 HB7360 26  4
203 HB7362 26  2
204 HB7364 26  1
205 HB7365 26  6
206 HB7368 26  5
207 HB7447 26  3
208 HB7453 26  0
209 HB7481 27  7
210 HB7487 27  4
211 HB7488 27  2
212 HB7622 27  1
213 HB7595 27  6
214 HB7596 27  5
215 HB7597 27  3
216 HB7598 27  0
217 HB7603 28  7
218 HB7604 28  4
219 HB7605 28  2
220 HB7457 28  1
221 HB7458 28  6
222 HB7460 28  5
223 HB7464 28  3
224 HB7470 28  0
225 HB7471 29  7
226 HB7473 29  4
227 HB7474 29  2
228 HB7475 29  1
229 HB7492 29  6
230 HB7499 29  5
231 HB7575 29  3
232 HB7576 29  0
233 HB7581 30  7
234 HB7582 30  4
235 HB7587 30  2
236 HB7588 30  1
237 HB7589 30  6
238 HB7590 30  5
239 HB7591 30  3
240 HB7592 30  0
241 HB7594 31  7
242 HB7639 31  4
243 HB7641 31  2
244 HB7645 31  1
245 HB7646 31  6
246 HB7648 31  5
247 HB7650 31  3
248 HB7653 31  0
249 HB7654 32  7
250 HB7656 32  4
251 HB7634 32  2
252 HB7661 32  1
253 HB7662 32  6
254 HB7665 32  5
255 HB7667 32  3
256 HB7670 32  0
257 HB7674 33  7
258 HB7675 33  4
259 HB7678 33  2
260 HB7684 33  1
261 HB7685 33  6
262 HB7687 33  5
263 HB7689 33  3
264 HB7690 33  0
265 HB7691 34  7
266 HB7693 34  4
267 HB7694 34  2
268 HB7696 34  1
269 HB7698 34  6
270 HB7699 34  5
271 HB7700 34  3
272 HB7702 34  0
273 HB7703 35  7
274 HB7704 35  4
275 HB7705 35  2
276 HB7534 35  1
277 HB7560 35  6
278 HB7234 35  5
279 HB7235 35  3
280 HB7240 35  0
281 HB7266 36  7
282 HB7267 36  4
283 HB7268 36  2
284 HB7269 36  1
285 HB7270 36  6
286 HB7271 36  5
287 HB7273 36  3
288 HB7275 36  0
289 HB7276 37  7
290 HB7258 37  4
291 HB7263 37  2
292 HB7419 37  1
293 HB7421 37  6
294 HB7422 37  5
295 HB7424 37  3
296 HB7425 37  0
297 HB7427 38  7
298 HB7369 38  4
299 HB7370 38  2
300 HB7371 38  1
301 HB7081 38  6
302 HB7091 38  5
303 HB7094 38  3
304 HB7110 38  0
305 HB7116 39  7
306 HB7123 39  4
307 HB7057 39  2
308 HB7162 39  1
309 HB7795 39  6
310 HB7800 39  5
311 HB7803 39  3
312 HB7813 39  0
313 HB7814 40  7
314 HB7817 40  4
315 HB7820 40  2
316 HB7822 40  1
317 HB7824 40  6
318 HB7825 40  5
319 HB7832 40  3
320 HB7833 40  0
321 HB7842 41  7
322 HB7843 41  4
323 HB7863 41  2
324 HB7873 41  1
325 HB7874 41  6
326 HB7881 41  5
327 HB7896 41  3
328 HB7903 41  0
329 HB7940 42  7
330 HB7944 42  4
331 HB7945 42  2
332 HB7946 42  1
333 HB7950 42  6
334 HB7953 42  5
335 HB7954 42  3
336 HB7957 42  0
337 HB7961 43  7
338 HB7985 43  4
339 HB7986 43  2
340 HB7987 43  1
341 HB7990 43  6
342 HB7991 43  5
343 HB7998 43  3
344 HB8001 43  0
345 HB8006 44  7
346 HB8008 44  4
347 HB8009 44  2
348 HB8018 44  1
349 HB8027 44  6
350 HB8029 44  5
351 HB8030 44  3
352 HB8031 44  0
353 HB8032 45  7
354 HB8034 45  4
355 HB8056 45  2
356 HB8053 45  1
357 HB8059 45  6
358 HB8063 45  5
359 HB8070 45  3
360 HB8079 45  0
361 HB8087 46  7
362 HB8089 46  4
363 HB8090 46  2
364 HB8092 46  1
365 HB8110 46  6
366 HB8095 46  5
367 HB8096 46  3
368 HB8100 46  0
369 HB8126 47  7
370 HB8128 47  4
371 HB8129 47  2
372 HB8140 47  1
373 HB8142 47  6
374 HB7955 47  5
375 HB7756 47  3
376 HB7759 47  0
377 HB8149 48  7
378 HB8152 48  4
379 HB8154 48  2
380 HB8155 48  1
381 HB8156 48  6
382 HB8157 48  5
383 HB8173 48  3
384 HB8175 48  0
385 HB8184 49  7
386 HB8168 49  4
387 HB8171 49  2
388 HB8186 49  1
389 HB8200 49  6
390 HB8201 49  5
391 HB8203 49  3
392 HB8204 49  0
393 HB8239 50  7
394 HB8248 50  4
395 HB8251 50  2
396 HB8269 50  1
397 HB8286 50  6
398 HB8290 50  5
399 HB8210 50  3
400 HB8217 50  0
401 HB8503 51  7
402 HB8504 51  4
403 HB8505 51  2
404 HB8506 51  1
405 HB8608 51  6
406 HB8507 51  5
407 HB8160 51  3
408 HB8178 51  0
409 HB8180 52  7
410 HB8181 52  4
411 HB8182 52  2
412 HB8183 52  1
413 HB8199 52  6
414 HB8202 52  5
415 HB8187 52  3
416 HB8191 52  0
417 HB8193 53  7
418 HB8194 53  4
419 HB8218 53  2
420 HB9207 53  1
421 HB7763 53  6
422 HB7765 53  5
423 HB7766 53  3
424 HB7767 53  0
425 HB7769 54  7
426 HB7770 54  4
427 HB7779 54  2
428 HB8054 54  1
429 HB7956 54  6
430 HB7642 54  5
431 HB7643 54  3
432 HB7647 54  0
433 HB7655 55  7
434 HB7631 55  4
435 HB7632 55  2
436 HB7683 55  1
437 HB7722 55  6
438 HB7723 55  5
439 HB7772 55  3
440 HB7773 55  0
441 HB7774 56  7
442 HB7782 56  4
443 HB7783 56  2
444 HB7797 56  1
445 HB7802 56  6
446 HB7804 56  5
447 HB7812 56  3
448 HB7826 56  0
449 HB7851 57  7
450 HB7852 57  4
451 HB7865 57  2
452 HB7878 57  1
453 HB7882 57  6
454 HB7883 57  5
455 HB7885 57  3
456 HB7891 57  0
457 HB7898 58  7
458 HB7907 58  4
459 HB7909 58  2
460 HB7941 58  1
461 HB7942 58  6
462 HB7947 58  5
463 HB7948 58  3
464 HB7949 58  0
465 HB8570 59  7
466 HB8147 59  4
467 HB8151 59  2
468 HB8158 59  1
469 HB8159 59  6
470 HB8563 59  5
471 HB8564 59  3
472 HB8568 59  0
473 HB8569 60  7
474 HB8536 60  4
475 HB7726 60  2
476 HB8560 60  1
477 HB8543 60  6
478 HB8544 60  5
479 HB8545 60  3
480 HB8546 60  0
481 HB8535 61  7
482 HB7737 61  4
483 HB8575 61  2
484 HB8576 61  1
485 HB8578 61  6
486 HB8581 61  5
487 HB8584 61  3
488 HB8235 61  0
489 HB8561 62  7
490 HB8335 62  4
491 HB8342 62  2
492 HB8358 62  1
493 HB8360 62  6
494 HB8388 62  5
495 HB8389 62  3
496 HB8390 62  0
497 HB8397 63  7
498 HB8562 63  4
499 HB8234 63  2
500 HB8404 63  1
501 HB7720 63  6
502 HB7724 63  5
503 HB7738 63  3
504 HB7740 63  0
505 HB8408 64  7
506 HB8439 64  4
507 HB8443 64  2
508 HB7844 64  1
509 HB7748 64  6
510 HB7764 64  5
511 HB7771 64  3
512 HB7775 64  0
513 HB7776 65  7
514 HB7777 65  4
515 HB7754 65  2
516 HB7796 65  1
517 HB7798 65  6
518 HB7799 65  5
519 HB7801 65  3
520 HB7805 65  0
521 HB7806 66  7
522 HB7807 66  4
523 HB7808 66  2
524 HB7809 66  1
525 HB7810 66  6
526 HB7811 66  5
527 HB7845 66  3
528 HB7846 66  0
529 HB7856 67  7
530 HB7858 67  4
531 HB7785 67  2
532 HB7860 67  1
533 HB7868 67  6
534 HB7876 67  5
535 HB7886 67  3
536 HB7889 67  0
537 HB7816 68  7
538 HB7892 68  4
539 HB7893 68  2
540 HB7894 68  1
541 HB7900 68  6
542 HB7901 68  5
543 HB7902 68  3
544 HB7905 68  0
545 HB7906 69  7
546 HB7908 69  4
547 HB7910 69  2
548 HB7964 69  1
549 HB7965 69  6
550 HB7967 69  5
551 HB7968 69  3
552 HB7969 69  0
553 HB7970 70  7
554 HB7973 70  4
555 HB7977 70  2
556 HB7979 70  1
557 HB7980 70  6
558 HB7981 70  5
559 HB7982 70  3
560 HB7983 70  0
561 HB7984 71  7
562 HB7988 71  4
563 HB7788 71  2
564 HB8002 71  1
565 HB8007 71  6
566 HB8013 71  5
567 HB8014 71  3
568 HB8015 71  0
569 HB8016 72  7
570 HB8017 72  4
571 HB8019 72  2
572 HB8020 72  1
573 HB8040 72  6
574 HB8041 72  5
575 HB7911 72  3
576 HB8043 72  0
577 HB8044 73  7
578 HB8047 73  4
579 HB8062 73  2
580 HB8072 73  1
581 HB8073 73  6
582 HB8075 73  5
583 HB8076 73  3
584 HB8078 73  0
585 HB8084 74  7
586 HB8085 74  4
587 HB8109 74  2
588 HB8113 74  1
589 HB8116 74  6
590 HB8117 74  5
591 HB8097 74  3
592 HB8119 74  0
593 HB8121 75  7
594 HB8123 75  4
595 HB8124 75  2
596 HB8125 75  1
597 HB8127 75  6
598 HB8133 75  5
599 HB8134 75  3
600 HB8136 75  0
601 HB8141 76  7
602 HB8144 76  4
603 HB8145 76  2
604 HB8148 76  1
605 HB7739 76  6
606 HB7761 76  5
607 HB7747 76  3
608 HB7749 76  0
609 HB7002 77  7
610 HB7004 77  4
611 HB7012 77  2
612 HB7016 77  1
613 HB7017 77  6
614 HB7018 77  5
615 HB7019 77  3
616 HB7021 77  0
617 HB7022 78  7
618 HB7599 78  4
619 HB7479 78  2
620 HB7616 78  1
621 HB7620 78  6
622 HB7444 78  5
623 HB7448 78  3
624 HB7449 78  0
625 HB7454 79  7
626 HB7480 79  4
627 HB7489 79  2
628 HB7026 79  1
629 HB7780 79  6
630 HB7006 79  5
631 HB7010 79  3
632 HB7046 79  0
633 HB6912 80  7
634 HB6868 80  4
635 HB6899 80  2
636 HB6311 80  1
637 HB6312 80  6
638 HB7350 80  5
639 HB7351 80  3
640 HB7357 80  0
641 HB7529 81  7
642 HB7784 81  4
643 HB7608 81  2
644 HB7609 81  1
645 HB7610 81  6
646 HB7612 81  5
647 HB7545 81  3
648 HB7455 81  0
649 HB7456 82  7
650 HB7468 82  4
651 HB7469 82  2
652 HB7476 82  1
653 HB7478 82  6
654 HB7711 82  5
655 HB7494 82  3
656 HB7495 82  0
657 HB7496 83  7
658 HB7546 83  4
659 HB7498 83  2
660 HB7586 83  1
661 HB7637 83  6
662 HB7638 83  5
663 HB7644 83  3
664 HB7625 83  0
665 HB7626 84  7
666 HB7627 84  4
667 HB7628 84  2
668 HB7635 84  1
669 HB7636 84  6
670 HB7708 84  5
671 HB7676 84  3
672 HB7679 84  0
673 HB7680 85  7
674 HB7682 85  4
675 HB7686 85  2
676 HB7701 85  1
677 HB7692 85  6
678 HB7729 85  5
679 HB7730 85  3
680 HB7731 85  0
681 HB7486 86  7
682 HB7601 86  4
683 HB7602 86  2
684 HB7611 86  1
685 HB7735 86  6
686 HB7745 86  5
687 HB7484 86  3
688 HB7485 86  0
689 HB7459 87  7
690 HB7461 87  4
691 HB7462 87  2
692 HB7467 87  1
693 HB7472 87  6
694 HB7477 87  5
695 HB7463 87  3
696 HB7493 87  0
697 HB7501 88  7
698 HB7502 88  4
699 HB7579 88  2
700 HB5559 88  1
701 HB5560 88  6
702 HB5564 88  5
703 HB7640 88  3
704 HB7528 88  0
705 HB7504 89  7
706 HB7507 89  4
707 HB7714 89  2
708 HB7164 89  1
709 HB7314 89  6
710 HB7139 89  5
711 HB7142 89  3
712 HB7197 89  0
713 HB7199 90  7
714 HB7203 90  4
715 HB7179 90  2
716 HB7180 90  1
717 HB7188 90  6
718 HB7192 90  5
719 HB7248 90  3
720 HB7252 90  0
721 HB7210 91  7
722 HB7211 91  4
723 HB7212 91  2
724 HB7214 91  1
725 HB7221 91  6
726 HB7222 91  5
727 HB7223 91  3
728 HB7238 91  0
729 HB7265 92  7
730 HB7260 92  4
731 HB7264 92  2
732 HB7289 92  1
733 HB7343 92  6
734 HB7322 92  5
735 HB7327 92  3
736 HB7330 92  0
737 HB7334 93  7
738 HB7302 93  4
739 HB7307 93  2
740 HB7290 93  1
741 HB7291 93  6
742 HB7527 93  5
743 HB7295 93  3
744 HB7296 93  0
745 HB7297 94  7
746 HB7298 94  4
747 HB7299 94  2
748 HB7300 94  1
749 HB7337 94  6
750 HB7338 94  5
751 HB7339 94  3
752 HB7340 94  0
753 HB7341 95  7
754 HB7342 95  4
755 HB7345 95  2
756 HB7347 95  1
757 HB7348 95  6
758 HB7313 95  5
759 HB7366 95  3
760 HB7315 95  0
761 HB7316 96  7
762 HB7317 96  4
763 HB7318 96  2
764 HB7319 96  1
765 HB7320 96  6
766 HB7321 96  5
767 HB7323 96  3
768 HB7283 96  0
769 HB7623 97  7
770 HB7577 97  4
771 HB7287 97  2
772 HB7288 97  1
773 HB7325 97  6
774 HB7326 97  5
775 HB7328 97  3
776 HB7331 97  0
777 HB7578 98  7
778 HB7333 98  4
779 HB7335 98  2
780 HB7336 98  1
781 HB7301 98  6
782 HB7303 98  5
783 HB7304 98  3
784 HB7306 98  0
785 HB7308 99  7
786 HB7312 99  4
787 HB6532 99  2
788 HB7379 99  1
789 HB7380 99  6
790 HB7663 99  5
791 HB7435 99  3
792 HB7440 99  0
793 HB7401 100  7
794 HB7416 100  4
795 HB7706 100  2
796 HB7707 100  1
797 HB7274 100  6
798 HB7426 100  5
799 HB7415 100  3
800 HB8055 100  0
801 HB8069 101  7
802 HB8071 101  4
803 HB8086 101  2
804 HB8091 101  1
805 HB8107 101  6
806 HB8108 101  5
807 HB8111 101  3
808 HB8115 101  0
809 HB8106 102  7
810 HB8122 102  4
811 HB8132 102  2
812 HB8150 102  1
813 HB8174 102  6
814 HB8139 102  5
815 HB8143 102  3
816 HB8177 102  0
817 HB8162 103  7
818 HB8135 103  4
819 HB8137 103  2
820 HB8198 103  1
821 HB8221 103  6
822 HB8285 103  5
823 HB8277 103  3
824 HB8292 103  0
825 HB8344 104  7
826 HB8345 104  4
827 HB8336 104  2
828 HB8339 104  1
829 HB8341 104  6
830 HB8401 104  5
831 HB8413 104  3
832 HB8444 104  0
833 HB8447 105  7
834 HB8448 105  4
835 HB8460 105  2
836 HB8461 105  1
837 HB8445 105  6
838 HB8446 105  5
839 HB8466 105  3
840 HB8477 105  0
841 HB8479 106  7
842 HB8482 106  4
843 HB8484 106  2
844 HB8537 106  1
845 HB8540 106  6
846 HB8572 106  5
847 HB8573 106  3
848 HB8368 106  0
849 HB8369 107  7
850 HB8370 107  4
851 HB8373 107  2
852 HB8387 107  1
853 HB8391 107  6
854 HB7727 107  5
855 HB8539 107  3
856 HB8099 107  0
857 HB8222 108  7
858 HB8225 108  4
859 HB8226 108  2
860 HB8227 108  1
861 HB8229 108  6
862 HB8231 108  5
863 HB8233 108  3
864 HB8246 108  0
865 HB8247 109  7
866 HB8261 109  4
867 HB8262 109  2
868 HB8288 109  1
869 HB8289 109  6
870 HB8271 109  5
871 HB8278 109  3
872 HB8280 109  0
873 HB8293 110  7
874 HB8321 110  4
875 HB8196 110  2
876 HB8197 110  1
877 HB8362 110  6
878 HB8394 110  5
879 HB8396 110  3
880 HB8375 110  0
881 HB8365 111  7
882 HB8366 111  4
883 HB8367 111  2
884 HB8371 111  1
885 HB8378 111  6
886 HB8270 111  5
887 HB8409 111  3
888 HB8374 111  0
889 HB8213 112  7
890 HB8399 112  4
891 HB8003 112  2
892 HB8188 112  1
893 HB8241 112  6
894 HB8238 112  5
895 HB8258 112  3
896 HB8268 112  0
897 HB8291 113  7
898 HB8359 113  4
899 HB8392 113  2
900 HB8393 113  1
901 HB8376 113  6
902 HB8377 113  5
903 HB8381 113  3
904 HB8382 113  0
905 HB8384 114  7
906 HB8252 114  4
907 HB8287 114  2
908 HB8273 114  1
909 HB8334 114  6
910 HB6068 114  5
911 HB6110 114  3
912 HB6185 114  0
913 HB6268 115  7
914 HB6267 115  4
915 HB6196 115  2
916 HB6221 115  1
917 HB6224 115  6
918 HB6283 115  5
919 HB6284 115  3
920 HB6377 115  0
921 HB6437 116  7
922 HB5921 116  4
923 HB5919 116  2
924 HB6229 116  1
925 HB6231 116  6
926 HB6277 116  5
927 HB6278 116  3
928 HB6264 116  0
929 HB6246 117  7
930 HB6969 117  4
931 HB6971 117  2
932 HB6944 117  1
933 HB6947 117  6
934 HB6955 117  5
935 HB6958 117  3
936 HB6975 117  0
937 HB6984 118  7
938 HB6985 118  4
939 HB6867 118  2
940 HB6994 118  1
941 HB6995 118  6
942 HB7027 118  5
943 HB7030 118  3
944 HB7031 118  0
945 HB7032 119  7
946 HB7007 119  4
947 HB7036 119  2
948 HB7135 119  1
949 HB7136 119  6
950 HB7137 119  5
951 HB7138 119  3
952 HB7141 119  0
953 HB7143 120  7
954 HB7193 120  4
955 HB7194 120  2
956 HB7195 120  1
957 HB7198 120  6
958 HB7200 120  5
959 HB7201 120  3
960 HB7202 120  0
961 HB7204 121  7
962 HB7144 121  4
963 HB7147 121  2
964 HB7151 121  1
965 HB7152 121  6
966 HB7154 121  5
967 HB7155 121  3
968 HB7170 121  0
969 HB7172 122  7
970 HB7173 122  4
971 HB7175 122  2
972 HB7176 122  1
973 HB7177 122  6
974 HB6511 122  5
975 HB6517 122  3
976 HB6522 122  0
977 HB3662 123  0
978 HB3651 123  3
979 HB3265 123  5
980 HB3505 123  6
981 HB3235 123  1
982 HB3530 123  2
983 HB3039 123  4
984 HB3180 123  7
985 HB3484 183  0
986 HB3533 183  3
987 HB3281 183  5
988 HB3292 183  6
989 HB3301 183  1
990 HB3283 183  2
991 HB3528 183  4
992 HB3365 183  7
993 HB3395 182  0
994 HB3541 182  3
995 HB3007 182  5
996 HB3197 182  6
997 HB3000 182  1
998 HB3244 182  2
999 HB3159 182  4
1000 HB3433 182  7
1001 HB3464 181  0
1002 HB3340 181  3
1003 HB3545 181  5
1004 HB3434 181  6
1005 HB3009 181  1
1006 HB3373 181  2
1007 HB3094 181  4
1008 HB3338 181  7
1009 HB3175 180  0
1010 HB3287 180  3
1011 HB3348 180  5
1012 HB3262 180  6
1013 HB3527 180  1
1014 HB3357 180  2
1015 HB3398 180  4
1016 HB3437 180  7
1017 HB3405 179  0
1018 HB3385 179  3
1019 HB3411 179  5
1020 HB3077 179  6
1021 HB3286 179  1
1022 HB3467 179  2
1023 HB3368 179  4
1024 HB3246 179  7
1025 HB3384 178  0
1026 HB2997 178  3
1027 HB3362 178  5
1028 HB3383 178  6
1029 HB3552 178  1
1030 HB3080 178  2
1031 HB3184 178  4
1032 HB3448 178  7
1033 HB2996 177  0
1034 HB3407 177  3
1035 HB3554 177  5
1036 HB3222 177  6
1037 HB3293 177  1
1038 HB3401 177  2
1039 HB3078 177  4
1040 HB3294 177  7
1041 HB3183 176  0
1042 HB3041 176  3
1043 HB3220 176  5
1044 HB3068 176  6
1045 HB3182 176  1
1046 HB3482 176  2
1047 HB3497 176  4
1048 HB3491 176  7
1049 HB3587 175  0
1050 HB3525 175  3
1051 HB3638 175  5
1052 HB3079 175  6
1053 HB3367 175  1
1054 HB3518 175  2
1055 HB3279 175  4
1056 HB3339 175  7
1057 HB3092 174  0
1058 HB3073 174  3
1059 HB3536 174  5
1060 HB3404 174  6
1061 HB3450 174  1
1062 HB3639 174  2
1063 HB3681 174  4
1064 HB3702 174  7
1065 HB3137 173  0
1066 HB3223 173  3
1067 HB3698 173  5
1068 HB3677 173  6
1069 HB3465 173  1
1070 HB3679 173  2
1071 HB3474 173  4
1072 HB3659 173  7
1073 HB3660 172  0
1074 HB3670 172  3
1075 HB3664 172  5
1076 HB3456 172  6
1077 HB3650 172  1
1078 HB3609 172  2
1079 HB3509 172  4
1080 HB3428 172  7
1081 HB3623 171  0
1082 HB3658 171  3
1083 HB3707 171  5
1084 HB3363 171  6
1085 HB3156 171  1
1086 HB3483 171  2
1087 HB3309 171  4
1088 HB3591 171  7
1089 HB3459 170  0
1090 HB3673 170  3
1091 HB3691 170  5
1092 HB3426 170  6
1093 HB3689 170  1
1094 HB3696 170  2
1095 HB3526 170  4
1096 HB3427 170  7
1097 HB3573 169  0
1098 HB3377 169  3
1099 HB3595 169  5
1100 HB3390 169  6
1101 HB3498 169  1
1102 HB3616 169  2
1103 HB3711 169  4
1104 HB3413 169  7
1105 HB3521 168  0
1106 HB3692 168  3
1107 HB3379 168  5
1108 HB3500 168  6
1109 HB3580 168  1
1110 HB3516 168  2
1111 HB3563 168  4
1112 HB3575 168  7
1113 HB3374 167  0
1114 HB3460 167  3
1115 HB3332 167  5
1116 HB3371 167  6
1117 HB3366 167  1
1118 HB3344 167  2
1119 HB3370 167  4
1120 HB3333 167  7
1121 HB3490 166  0
1122 HB3488 166  3
1123 HB3583 166  5
1124 HB3446 166  6
1125 HB3578 166  1
1126 HB3297 166  2
1127 HB3349 166  4
1128 HB3857 166  7
1129 HB3828 165  0
1130 HB3851 165  3
1131 HB3821 165  5
1132 HB3837 165  6
1133 HB3856 165  1
1134 HB3832 165  2
1135 HB3835 165  4
1136 HB3640 165  7
1137 HB3626 164  0
1138 HB3836 164  3
1139 HB3627 164  5
1140 HB3850 164  6
1141 HB3633 164  1
1142 HB3631 164  2
1143 HB3502 164  4
1144 HB3636 164  7
1145 HB3579 163  0
1146 HB3632 163  3
1147 HB3653 163  5
1148 HB3894 163  6
1149 HB4024 163  1
1150 HB3928 163  2
1151 HB3931 163  4
1152 HB3932 163  7
1153 HB3933 162  0
1154 HB3900 162  3
1155 HB3936 162  5
1156 HB3847 162  6
1157 HB3907 162  1
1158 HB3926 162  2
1159 HB3927 162  4
1160 HB3940 162  7
1161 HB3958 161  0
1162 HB3951 161  3
1163 HB3952 161  5
1164 HB4023 161  6
1165 HB3954 161  1
1166 HB3918 161  2
1167 HB3919 161  4
1168 HB3920 161  7
1169 HB3924 160  0
1170 HB3889 160  3
1171 HB3808 160  5
1172 HB3841 160  6
1173 HB3845 160  1
1174 HB3846 160  2
1175 HB3915 160  4
1176 HB4021 160  7
1177 HB3905 159  0
1178 HB3909 159  3
1179 HB3879 159  5
1180 HB3880 159  6
1181 HB3882 159  1
1182 HB3803 159  2
1183 HB3804 159  4
1184 HB3805 159  7
1185 HB3813 158  0
1186 HB3881 158  3
1187 HB3873 158  5
1188 HB3831 158  6
1189 HB3838 158  1
1190 HB3496 158  2
1191 HB4022 158  4
1192 HB3830 158  7
1193 HB3755 157  0
1194 HB4018 157  3
1195 HB4014 157  5
1196 HB3991 157  6
1197 HB3989 157  1
1198 HB4053 157  2
1199 HB4055 157  4
1200 HB4049 157  7
1201 HB4050 156  0
1202 HB3997 156  3
1203 HB3998 156  5
1204 HB4019 156  6
1205 HB3999 156  1
1206 HB3975 156  2
1207 HB4009 156  4
1208 HB3994 156  7
1209 HB3995 155  0
1210 HB3996 155  3
1211 HB4025 155  5
1212 HB4015 155  6
1213 HB4000 155  1
1214 HB4013 155  2
1215 HB3981 155  4
1216 HB4008 155  7
1217 HB4005 154  0
1218 HB4007 154  3
1219 HB3972 154  5
1220 HB4037 154  6
1221 HB4068 154  1
1222 HB4064 154  2
1223 HB4066 154  4
1224 HB4077 154  7
1225 HB4078 153  0
1226 HB4076 153  3
1227 HB4072 153  5
1228 HB3790 153  6
1229 HB3548 153  1
1230 HB4046 153  2
1231 HB4052 153  4
1232 HB4044 153  7
1233 HB4061 152  0
1234 HB4062 152  3
1235 HB3517 152  5
1236 HB4063 152  6
1237 HB4070 152  1
1238 HB3783 152  2
1239 HB3760 152  4
1240 HB3762 152  7
1241 HB3829 151  0
1242 HB4102 151  3
1243 HB3817 151  5
1244 HB3820 151  6
1245 HB4101 151  1
1246 HB3585 151  2
1247 HB3588 151  4
1248 HB4093 151  7
1249 HB3779 150  0
1250 HB4099 150  3
1251 HB3594 150  5
1252 HB4122 150  6
1253 HB3469 150  1
1254 HB3088 150  2
1255 HB4104 150  4
1256 HB3743 150  7
1257 HB3766 149  0
1258 HB4096 149  3
1259 HB4121 149  5
1260 HB4079 149  6
1261 HB4123 149  1
1262 HB4128 149  2
1263 HB4129 149  4
1264 HB4108 149  7
1265 HB4109 148  0
1266 HB3750 148  3
1267 HB3751 148  5
1268 HB4058 148  6
1269 HB4059 148  1
1270 HB4097 148  2
1271 HB4131 148  4
1272 HB4137 148  7
1273 HB4110 147  0
1274 HB4124 147  3
1275 HB4125 147  5
1276 HB4100 147  6
1277 HB4117 147  1
1278 HB4120 147  2
1279 HB4112 147  4
1280 HB4175 147  7
1281 HB4040 146  0
1282 HB4088 146  3
1283 HB4116 146  5
1284 HB4138 146  6
1285 HB4086 146  1
1286 HB4115 146  2
1287 HB4126 146  4
1288 HB4107 146  7
1289 HB4098 145  0
1290 HB4130 145  3
1291 HB4111 145  5
1292 HB4084 145  6
1293 HB4133 145  1
1294 HB4113 145  2
1295 HB4179 145  4
1296 HB4182 145  7
1297 HB4135 144  0
1298 HB4190 144  3
1299 HB4187 144  5
1300 HB4105 144  6
1301 HB4127 144  1
1302 HB4106 144  2
1303 HB4094 144  4
1304 HB4198 144  7
1305 HB4082 143  0
1306 HB4083 143  3
1307 HB4085 143  5
1308 HB4057 143  6
1309 HB4089 143  1
1310 HB4176 143  2
1311 HB3718 143  4
1312 HB3494 143  7
1313 HB4186 142  0
1314 HB4140 142  3
1315 HB4118 142  5
1316 HB4119 142  6
1317 HB4141 142  1
1318 HB3601 142  2
1319 HB4012 142  4
1320 HB4011 142  7
1321 HB4042 141  0
1322 HB3982 141  3
1323 HB4043 141  5
1324 HB3977 141  6
1325 HB4038 141  1
1326 HB4010 141  2
1327 HB4033 141  4
1328 HB3984 141  7
1329 HB4056 140  0
1330 HB4736 140  3
1331 HB4793 140  5
1332 HB4807 140  6
1333 HB4841 140  1
1334 HB4764 140  2
1335 HB4757 140  4
1336 HB4754 140  7
1337 HB4753 139  0
1338 HB4780 139  3
1339 HB4673 139  5
1340 HB4752 139  6
1341 HB4671 139  1
1342 HB4676 139  2
1343 HB4677 139  4
1344 HB4778 139  7
1345 HB4750 138  0
1346 HB4751 138  3
1347 HB4747 138  5
1348 HB4748 138  6
1349 HB4745 138  1
1350 HB4819 138  2
1351 HB4765 138  4
1352 HB4766 138  7
1353 HB4771 137  0
1354 HB4806 137  3
1355 HB4808 137  5
1356 HB4809 137  6
1357 HB4810 137  1
1358 HB4811 137  2
1359 HB4813 137  4
1360 HB4692 137  7
1361 HB4693 136  0
1362 HB4695 136  3
1363 HB4696 136  5
1364 HB4698 136  6
1365 HB4700 136  1
1366 HB4718 136  2
1367 HB4716 136  4
1368 HB4717 136  7
1369 HB4703 135  0
1370 HB4824 135  3
1371 HB4820 135  5
1372 HB4843 135  6
1373 HB4845 135  1
1374 HB4683 135  2
1375 HB4805 135  4
1376 HB4850 135  7
1377 HB4686 134  0
1378 HB4847 134  3
1379 HB4848 134  5
1380 HB4852 134  6
1381 HB4856 134  1
1382 HB4857 134  2
1383 HB4865 134  4
1384 HB4902 134  7
1385 HB4861 133  0
1386 HB4862 133  3
1387 HB4855 133  5
1388 HB4870 133  6
1389 HB4869 133  1
1390 HB4884 133  2
1391 HB4898 133  4
1392 HB5077 133  7
1393 HB5085 132  0
1394 HB4903 132  3
1395 HB4878 132  5
1396 HB4904 132  6
1397 HB4873 132  1
1398 HB4874 132  2
1399 HB4876 132  4
1400 HB4687 132  7
1401 HB4774 131  0
1402 HB4823 131  3
1403 HB4931 131  5
1404 HB4934 131  6
1405 HB4953 131  1
1406 HB4957 131  2
1407 HB4959 131  4
1408 HB5088 131  7
1409 HB4860 130  0
1410 HB4838 130  3
1411 HB4840 130  5
1412 HB4844 130  6
1413 HB4846 130  1
1414 HB4913 130  2
1415 HB4914 130  4
1416 HB4939 130  7
1417 HB4923 129  0
1418 HB4940 129  3
1419 HB4942 129  5
1420 HB4945 129  6
1421 HB4969 129  1
1422 HB4948 129  2
1423 HB4970 129  4
1424 HB4929 129  7
1425 HB4958 128  0
1426 HB4962 128  3
1427 HB4963 128  5
1428 HB4967 128  6
1429 HB4968 128  1
1430 HB4976 128  2
1431 HB5009 128  4
1432 HB4982 128  7
1433 HB5024 127  0
1434 HB5087 127  3
1435 HB5092 127  5
1436 HB5093 127  6
1437 HB5095 127  1
1438 HB4872 127  2
1439 HB4875 127  4
1440 HB4971 127  7
1441 HB4886 126  0
1442 HB4887 126  3
1443 HB4888 126  5
1444 HB4880 126  6
1445 HB4882 126  1
1446 HB4885 126  2
1447 HB4889 126  4
1448 HB4728 126  7
1449 HB4729 125  0
1450 HB4744 125  3
1451 HB4741 125  5
1452 HB4742 125  6
1453 HB4893 125  1
1454 HB4894 125  2
1455 HB4895 125  4
1456 HB4899 125  7
1457 HB4743 124  0
1458 HB4731 124  3
1459 HB4732 124  5
1460 HB4734 124  6
1461 HB4781 124  1
1462 HB4737 124  2
1463 HB4738 124  4
1464 HB4739 124  7
1465 HB4740 221  0
1466 HB4946 221  3
1467 HB4937 221  5
1468 HB4956 221  6
1469 HB4907 221  1
1470 HB4908 221  2
1471 HB4911 221  4
1472 HB4960 221  7
1473 HB4965 220  0
1474 HB4920 220  3
1475 HB4924 220  5
1476 HB4941 220  6
1477 HB4974 220  1
1478 HB5202 220  2
1479 HB5056 220  4
1480 HB4916 220  7
1481 HB5016 219  0
1482 HB4918 219  3
1483 HB4919 219  5
1484 HB4943 219  6
1485 HB4930 219  1
1486 HB4932 219  2
1487 HB4955 219  4
1488 HB4892 219  7
1489 HB6524 218  0
1490 HB6526 218  3
1491 HB6530 218  5
1492 HB6538 218  6
1493 HB6533 218  1
1494 HB6535 218  2
1495 HB6536 218  4
1496 HB6543 218  7
1497 HB6559 217  0
1498 HB6560 217  3
1499 HB6561 217  5
1500 HB6570 217  6
1501 HB7001 217  1
1502 HB7003 217  2
1503 HB7008 217  4
1504 HB7181 217  7
1505 HB7185 216  0
1506 HB7042 216  3
1507 HB7056 216  5
1508 HB7072 216  6
1509 HB7068 216  1
1510 HB6553 216  2
1511 HB7048 216  4
1512 HB6996 216  7
1513 HB6300 215  0
1514 HB6319 215  3
1515 HB6333 215  5
1516 HB9234 215  6
1517 HB6334 215  1
1518 HB6551 215  2
1519 HB6727 215  4
1520 HB6677 215  7
1521 HB6942 214  0
1522 HB6936 214  3
1523 HB7169 214  5
1524 HB7182 214  6
1525 HB7184 214  1
1526 HB7000 214  2
1527 HB7165 214  4
1528 HB5413 214  7
1529 HB6292 213  0
1530 HB6309 213  3
1531 HB6288 213  5
1532 HB6331 213  6
1533 HB6993 213  1
1534 HB7011 213  2
1535 HB6883 213  4
1536 HB6687 213  7
1537 HB6866 212  0
1538 HB6834 212  3
1539 HB6962 212  5
1540 HB6968 212  6
1541 HB6941 212  1
1542 HB7130 212  2
1543 HB7166 212  4
1544 HB7133 212  7
1545 HB7134 211  0
1546 HB7161 211  3
1547 HB7163 211  5
1548 HB5446 211  6
1549 HB7040 211  1
1550 HB7041 211  2
1551 HB7038 211  4
1552 HB7039 211  7
1553 HB6217 210  0
1554 HB6219 210  3
1555 HB6225 210  5
1556 HB6269 210  6
1557 HB6270 210  1
1558 HB6301 210  2
1559 HB6352 210  4
1560 HB6366 210  7
1561 HB6328 209  0
1562 HB6316 209  3
1563 HB6322 209  5
1564 HB6340 209  6
1565 HB6342 209  1
1566 HB6346 209  2
1567 HB6351 209  4
1568 HB6431 209  7
1569 HB6415 208  0
1570 HB6419 208  3
1571 HB6430 208  5
1572 HB6420 208  6
1573 HB6411 208  1
1574 HB6391 208  2
1575 HB6395 208  4
1576 HB6379 208  7
1577 HB6380 207  0
1578 HB6456 207  3
1579 HB5818 207  5
1580 HB6470 207  6
1581 HB6476 207  1
1582 HB6478 207  2
1583 HB6483 207  4
1584 HB6479 207  7
1585 HB6481 206  0
1586 HB6484 206  3
1587 HB6486 206  5
1588 HB6487 206  6
1589 HB6497 206  1
1590 HB6503 206  2
1591 HB6508 206  4
1592 HB6499 206  7
1593 HB6565 205  0
1594 HB6569 205  3
1595 HB6547 205  5
1596 HB6550 205  6
1597 HB6412 205  1
1598 HB6441 205  2
1599 HB6444 205  4
1600 HB6453 205  7
1601 HB6507 204  0
1602 HB6409 204  3
1603 HB6463 204  5
1604 HB6466 204  6
1605 HB6469 204  1
1606 HB6474 204  2
1607 HB6475 204  4
1608 HB6502 204  7
1609 HB6546 203  0
1610 HB6549 203  3
1611 HB6556 203  5
1612 HB6539 203  6
1613 HB6545 203  1
1614 HB6566 203  2
1615 HB6582 203  4
1616 HB6571 203  7
1617 HB6642 202  0
1618 HB6622 202  3
1619 HB6720 202  5
1620 HB6725 202  6
1621 HB6659 202  1
1622 HB6666 202  2
1623 HB6670 202  4
1624 HB6685 202  7
1625 HB6081 201  0
1626 HB6065 201  3
1627 HB6768 201  5
1628 HB6752 201  6
1629 HB6838 201  1
1630 HB9156 201  2
1631 HB6817 201  4
1632 HB6819 201  7
1633 HB6824 200  0
1634 HB6829 200  3
1635 HB6830 200  5
1636 HB6836 200  6
1637 HB6904 200  1
1638 HB7186 200  2
1639 HB7187 200  4
1640 HB7189 200  7
1641 HB9438 199  0
1642 HB9439 199  3
1643 HB9440 199  5
1644 HB9442 199  6
1645 HB9443 199  1
1646 HB9445 199  2
1647 HB9446 199  4
1648 HB9448 199  7
1649 HB9449 198  0
1650 HB9451 198  3
1651 HB9453 198  5
1652 HB9454 198  6
1653 HB9288 198  1
1654 HB9458 198  2
1655 HB9459 198  4
1656 HB9464 198  7
1657 HB9467 197  0
1658 HB9481 197  3
1659 HB9484 197  5
1660 HB9485 197  6
1661 HB9486 197  1
1662 HB9487 197  2
1663 HB9488 197  4
1664 HB9491 197  7
1665 HB9500 196  0
1666 HB9501 196  3
1667 HB9502 196  5
1668 HB9503 196  6
1669 HB9504 196  1
1670 HB9505 196  2
1671 HB9506 196  4
1672 HB9508 196  7
1673 HB9509 195  0
1674 HB9469 195  3
1675 HB9480 195  5
1676 HB9489 195  6
1677 HB9490 195  1
1678 HB9513 195  2
1679 HB9520 195  4
1680 HB9544 195  7
1681 HC0016 194  0
1682 HC0024 194  3
1683 HC0025 194  5
1684 HC0039 194  6
1685 HC0040 194  1
1686 HC0047 194  2
1687 HC0049 194  4
1688 HC0050 194  7
1689 HC0053 193  0
1690 HC0054 193  3
1691 HC0056 193  5
1692 HC0057 193  6
1693 HC0001 193  1
1694 HC0002 193  2
1695 HC0003 193  4
1696 HC0464 193  7
1697 HC0500 192  0
1698 HC0517 192  3
1699 HC0518 192  5
1700 HC0519 192  6
1701 HC0520 192  1
1702 HC0521 192  2
1703 HC0522 192  4
1704 HC0523 192  7
1705 HC0524 191  0
1706 HC0525 191  3
1707 HC0526 191  5
1708 HC0527 191  6
1709 HC0528 191  1
1710 HC0529 191  2
1711 HC0530 191  4
1712 HC0531 191  7
1713 HC0535 190  0
1714 HC0536 190  3
1715 HC0537 190  5
1716 HC0538 190  6
1717 HC0539 190  1
1718 HC0540 190  2
1719 HC0541 190  4
1720 HC0542 190  7
1721 HC0543 189  0
1722 HC0545 189  3
1723 HC0546 189  5
1724 HC0547 189  6
1725 HC0548 189  1
1726 HC0549 189  2
1727 HC0550 189  4
1728 HC0551 189  7
1729 HC0552 188  0
1730 HC0553 188  3
1731 HC0569 188  5
1732 HC0577 188  6
1733 HC0578 188  1
1734 HC0579 188  2
1735 HC0580 188  4
1736 HC0586 188  7
1737 HC0587 187  0
1738 HC0592 187  3
1739 HC0593 187  5
1740 HC0594 187  6
1741 HC0595 187  1
1742 HC0596 187  2
1743 HC0605 187  4
1744 HC0607 187  7
1745 HC0610 186  0
1746 HC0611 186  3
1747 HC0615 186  5
1748 HC0616 186  6
1749 HC0618 186  1
1750 HC0623 186  2
1751 HC0631 186  4
1752 HC0632 186  7
1753 HC0633 185  0
1754 HC0634 185  3
1755 HC0635 185  5
1756 HC0640 185  6
1757 HC0641 185  1
1758 HC0643 185  2
1759 HC0644 185  4
1760 HC0646 185  7
1761 HC0648 184  0
1762 HC0650 184  3
1763 HC0652 184  5
1764 HC0654 184  6
1765 HC0655 184  1
1766 HC0656 184  2
1767 HC0657 184  4
1768 HC0659 184  7
1769 HC0661 244  0
1770 HC0662 244  3
1771 HC0663 244  5
1772 HC0664 244  6
1773 HC0665 244  1
1774 HC0666 244  2
1775 HC0667 244  4
1776 HC0668 244  7
1777 HC0669 243  0
1778 HC0670 243  3
1779 HC0672 243  5
1780 HC0673 243  6
1781 HC0675 243  1
1782 HC0676 243  2
1783 HC0677 243  4
1784 HC0678 243  7
1785 HC0680 242  0
1786 HC0683 242  3
1787 HC0684 242  5
1788 HC0685 242  6
1789 HC0686 242  1
1790 HC0687 242  2
1791 HC0688 242  4
1792 HC0689 242  7
1793 HC0690 241  0
1794 HC0691 241  3
1795 HC0692 241  5
1796 HC0693 241  6
1797 HC0694 241  1
1798 HC0695 241  2
1799 HC0696 241  4
1800 HC0697 241  7
1801 HC0698 240  0
1802 HC0699 240  3
1803 HC0701 240  5
1804 HC0702 240  6
1805 HC0703 240  1
1806 HC0704 240  2
1807 HC0705 240  4
1808 HC0706 240  7
1809 HC0707 239  0
1810 HC0708 239  3
1811 HC0709 239  5
1812 HC0711 239  6
1813 HC0712 239  1
1814 HC0713 239  2
1815 HC0466 239  4
1816 HC0467 239  7
1817 HC0472 238  0
1818 HC0716 238  3
1819 HC0717 238  5
1820 HC0718 238  6
1821 HC0719 238  1
1822 HC0720 238  2
1823 HC0721 238  4
1824 HC0722 238  7
1825 HC0723 237  0
1826 HC0724 237  3
1827 HC0725 237  5
1828 HC0726 237  6
1829 HC0727 237  1
1830 HC0729 237  2
1831 HC0730 237  4
1832 HC0732 237  7
1833 HC0733 236  0
1834 HC0734 236  3
1835 HC0736 236  5
1836 HC0737 236  6
1837 HC0738 236  1
1838 HC0739 236  2
1839 HC0745 236  4
1840 HC0751 236  7
1841 HC0752 235  0
1842 HC0753 235  3
1843 HC0754 235  5
1844 HC0755 235  6
1845 HC0756 235  1
1846 HC0761 235  2
1847 HC0774 235  4
1848 HC0777 235  7
1849 HC0780 234  0
1850 HB1029 234  3
1851 HB1903 234  5
1852 HB1908 234  6
1853 HB1931 234  1
1854 HB1901 234  2
1855 HB1993 234  4
1856 HB2003 234  7
1857 HB2002 233  0
1858 HB1999 233  3
1859 HB1986 233  5
1860 HB1988 233  6
1861 HB1989 233  1
1862 HB1984 233  2
1863 HB1961 233  4
1864 HB1860 233  7
1865 HB1956 232  0
1866 HB1963 232  3
1867 HB1862 232  5
1868 HB1765 232  6
1869 HB1950 232  1
1870 HB1919 232  2
1871 HB1836 232  4
1872 HB1818 232  7
1873 HB1761 231  0
1874 HB1914 231  3
1875 HB1719 231  5
1876 HB1815 231  6
1877 HB1753 231  1
1878 HB1990 231  2
1879 HB1720 231  4
1880 HB1969 231  7
1881 HB2012 230  0
1882 HB1970 230  3
1883 HB1968 230  5
1884 HB1743 230  6
1885 HB1964 230  1
1886 HB1777 230  2
1887 HB2009 230  4
1888 HB1859 230  7
1889 HB1742 229  0
1890 HB1016 229  3
1891 HB0917 229  5
1892 HB0918 229  6
1893 HB0935 229  1
1894 HB0934 229  2
1895 HB1132 229  4
1896 HB1168 229  7
1897 HB1165 228  0
1898 HB1030 228  3
1899 HB1131 228  5
1900 HB0712 228  6
1901 HB1059 228  1
1902 HB0699 228  2
1903 HB0837 228  4
1904 HB0809 228  7
1905 HB1047 227  0
1906 HB0909 227  3
1907 HB0959 227  5
1908 HB1017 227  6
1909 HB0816 227  1
1910 HB0977 227  2
1911 HB0926 227  4
1912 HB0641 227  7
1913 HB9753 226  0
1914 HB9754 226  3
1915 HB9755 226  5
1916 HB9757 226  6
1917 HB9759 226  1
1918 HB9761 226  2
1919 HB9766 226  4
1920 HB9770 226  7
1921 HB9780 225  0
1922 HB9781 225  3
1923 HB9782 225  5
1924 HB9783 225  6
1925 HB9786 225  1
1926 HB9787 225  2
1927 HB9788 225  4
1928 HB9789 225  7
1929 HB9793 224  0
1930 HB9794 224  3
1931 HB9797 224  5
1932 HB9798 224  6
1933 HB9803 224  1
1934 HB9804 224  2
1935 HB9806 224  4
1936 HB9807 224  7
1937 HB9808 223  0
1938 HB9809 223  3
1939 HB9810 223  5
1940 HB9811 223  6
1941 HB9812 223  1
1942 HB9813 223  2
1943 HB9814 223  4
1944 HB9815 223  7
1945 HB9816 222  0
1946 HB9818 222  3
1947 HB9820 222  5
1948 HB9821 222  6
1949 HB9822 222  1
1950 HB9834 222  2
1951 HB9836 222  4
1952 HB9840 222  7
