SC ID as in recostruction pm ID inside the SC SC ID as cabled pm ID inside the SC 0 0 60 3R
0 1 60 3L
0 2 60 2L
0 3 60 2R 0 4 60 1L 0 5 60 1R 0 6 60 0R 0 7 60 0L 1 0 59 3R 1 1 59 3L 1 2 59 2L 1 3 59 2R 1 4 59 1L 1 5 59 1R 1 6 59 0R 1 7 59 0L 2 0 55 3R 2 1 55 3L 2 2 55 2L 2 3 55 2R 2 4 55 1L 2 5 55 1R 2 6 55 0R 2 7 55 0L 3 0 51 3R 3 1 51 3L 3 2 51 2L 3 3 51 2R 3 4 51 1L 3 5 51 1R 3 6 51 0R 3 7 51 0L 4 0 47 3R 4 1 47 3L 4 2 47 2L 4 3 47 2R 4 4 47 1L 4 5 47 1R 4 6 47 0R 4 7 47 0L 5 0 39 3R 5 1 39 3L 5 2 39 2L 5 3 39 2R 5 4 39 1L 5 5 39 1R 5 6 39 0R 5 7 39 0L 6 0 35 3R

6 1 35 3L 6 2 35 2L 6 3 35 2R 6 4 35 1L 6 5 35 1R 6 6 35 0R 6 7 35 0L 7 0 27 3R 7 1 27 3L 7 2 27 2L 7 3 27 2R 7 4 27 1L 7 5 27 1R 7 6 27 0R 7 7 27 0L 8 0 23 3R 8 1 23 3L 8 2 23 2L 8 3 23 2R 8 4 23 1L 8 5 23 1R 8 6 23 0R 8 7 23 0L 9 0 15 3R 9 1 15 3L 9 2 15 2L 9 3 15 2R 9 4 15 1L 9 5 15 1R 9 6 15 0R 9 7 15 0L
10 0 11 3R 10 1 11 3L 10 2 11 2L 10 3 11 2R 10 4 11 1L 10 5 11 1R 10 6 11 0R 10 7 11 0L 11 0 7 3R 11 1 7 3L 11 2 7 2L 11 3 7 2R 11 4 7 1L 11 5 7 1R 11 6 7 0R 11 7 7 0L 12 0 57 3R 12 1 57 3L 12 2 57 2L

12 3 57 2R 12 4 57 1L 12 5 57 1R 12 6 57 0R 12 7 57 0L 13 0 58 3R 13 1 58 3L 13 2 58 2L 13 3 58 2R 13 4 58 1L 13 5 58 1R 13 6 58 0R 13 7 58 0L 14 0 54 3R 14 1 54 3L 14 2 54 2L 14 3 54 2R 14 4 54 1L 14 5 54 1R 14 6 54 0R 14 7 54 0L 15 0 50 3R 15 1 50 3L 15 2 50 2L 15 3 50 2R 15 4 50 1L 15 5 50 1R 15 6 50 0R 15 7 50 0L 16 0 43 3R 16 1 43 3L 16 2 43 2L 16 3 43 2R 16 4 43 1L 16 5 43 1R 16 6 43 0R 16 7 43 0L 17 0 38 3R 17 1 38 3L 17 2 38 2L 17 3 38 2R 17 4 38 1L 17 5 38 1R 17 6 38 0R 17 7 38 0L 18 0 31 3R 18 1 31 3L 18 2 31 2L 18 3 31 2R 18 4 31 1L

18 5 31 1R 18 6 31 0R 18 7 31 0L 19 0 26 3R 19 1 26 3L 19 2 26 2L 19 3 26 2R 19 4 26 1L 19 5 26 1R 19 6 26 0R 19 7 26 0L 20 0 19 3R 20 1 19 3L 20 2 19 2L 20 3 19 2R 20 4 19 1L 20 5 19 1R 20 6 19 0R 20 7 19 0L 21 0 14 3R 21 1 14 3L 21 2 14 2L 21 3 14 2R 21 4 14 1L 21 5 14 1R 21 6 14 0R 21 7 14 0L 22 0 6 3R 22 1 6 3L 22 2 6 2L 22 3 6 2R 22 4 6 1L 22 5 6 1R 22 6 6 0R 22 7 6 0L 23 0 3 3R 23 1 3 3L 23 2 3 2L 23 3 3 2R 23 4 3 1L 23 5 3 1R 23 6 3 0R 23 7 3 0L 24 0 56 3R 24 1 56 3L 24 2 56 2L 24 3 56 2R 24 4 56 1L 24 5 56 1R 24 6 56 0R

24 7 56 0L 25 0 53 3R 25 1 53 3L 25 2 53 2L 25 3 53 2R 25 4 53 1L 25 5 53 1R 25 6 53 0R 25 7 53 0L 26 0 46 3R 26 1 46 3L 26 2 46 2L 26 3 46 2R 26 4 46 1L 26 5 46 1R 26 6 46 0R 26 7 46 0L 27 0 42 3R 27 1 42 3L 27 2 42 2L 27 3 42 2R 27 4 42 1L 27 5 42 1R 27 6 42 0R 27 7 42 0L 28 0 37 3R 28 1 37 3L 28 2 37 2L 28 3 37 2R 28 4 37 1L 28 5 37 1R 28 6 37 0R 28 7 37 0L 29 0 30 3R 29 1 30 3L 29 2 30 2L 29 3 30 2R 29 4 30 1L 29 5 30 1R 29 6 30 0R 29 7 30 0L 30 0 25 3R 30 1 25 3L 30 2 25 2L 30 3 25 2R 30 4 25 1L 30 5 25 1R 30 6 25 0R 30 7 25 0L 31 0 18 3R

31 1 18 3L 31 2 18 2L 31 3 18 2R 31 4 18 1L 31 5 18 1R 31 6 18 0R 31 7 18 0L 32 0 13 3R 32 1 13 3L 32 2 13 2L 32 3 13 2R 32 4 13 1L 32 5 13 1R 32 6 13 0R 32 7 13 0L 33 0 5 3R 33 1 5 3L 33 2 5 2L 33 3 5 2R 33 4 5 1L 33 5 5 1R 33 6 5 0R 33 7 5 0L 34 0 2 3R 34 1 2 3L 34 2 2 2L 34 3 2 2R 34 4 2 1L 34 5 2 1R 34 6 2 0R 34 7 2 0L 35 0 52 3R 35 1 52 3L 35 2 52 2L 35 3 52 2R 35 4 52 1L 35 5 52 1R 35 6 52 0R 35 7 52 0L 36 0 49 3R 36 1 49 3L 36 2 49 2L 36 3 49 2R 36 4 49 1L 36 5 49 1R 36 6 49 0R 36 7 49 0L 37 0 45 3R 37 1 45 3L 37 2 45 2L

37 3 45 2R 37 4 45 1L 37 5 45 1R 37 6 45 0R 37 7 45 0L 38 0 41 3R 38 1 41 3L 38 2 41 2L 38 3 41 2R 38 4 41 1L 38 5 41 1R 38 6 41 0R 38 7 41 0L 39 0 34 3R 39 1 34 3L 39 2 34 2L 39 3 34 2R 39 4 34 1L 39 5 34 1R 39 6 34 0R 39 7 34 0L 40 0 29 3R 40 1 29 3L 40 2 29 2L 40 3 29 2R 40 4 29 1L 40 5 29 1R 40 6 29 0R 40 7 29 0L 41 0 22 3R 41 1 22 3L 41 2 22 2L 41 3 22 2R 41 4 22 1L 41 5 22 1R 41 6 22 0R 41 7 22 0L 42 0 17 3R 42 1 17 3L 42 2 17 2L 42 3 17 2R 42 4 17 1L 42 5 17 1R 42 6 17 0R 42 7 17 0L 43 0 10 3R 43 1 10 3L 43 2 10 2L 43 3 10 2R 43 4 10 1L

43 5 10 1R 43 6 10 0R 43 7 10 0L 44 0 4 3R 44 1 4 3L 44 2 4 2L 44 3 4 2R 44 4 4 1L 44 5 4 1R 44 6 4 0R 44 7 4 0L 45 0 1 3R 45 1 1 3L 45 2 1 2L 45 3 1 2R 45 4 1 1L 45 5 1 1R 45 6 1 0R 45 7 1 0L 46 0 48 3R 46 1 48 3L 46 2 48 2L 46 3 48 2R 46 4 48 1L 46 5 48 1R 46 6 48 0R 46 7 48 0L 47 0 44 3R 47 1 44 3L 47 2 44 2L 47 3 44 2R 47 4 44 1L 47 5 44 1R 47 6 44 0R 47 7 44 0L 48 0 40 3R 48 1 40 3L 48 2 40 2L 48 3 40 2R 48 4 40 1L 48 5 40 1R 48 6 40 0R 48 7 40 0L 49 0 33 3R 49 1 33 3L 49 2 33 2L 49 3 33 2R 49 4 33 1L 49 5 33 1R 49 6 33 0R

49 7 33 0L 50 0 28 3R 50 1 28 3L 50 2 28 2L 50 3 28 2R 50 4 28 1L 50 5 28 1R 50 6 28 0R 50 7 28 0L 51 0 21 3R 51 1 21 3L 51 2 21 2L 51 3 21 2R 51 4 21 1L 51 5 21 1R 51 6 21 0R 51 7 21 0L 52 0 16 3R 52 1 16 3L 52 2 16 2L 52 3 16 2R 52 4 16 1L 52 5 16 1R 52 6 16 0R 52 7 16 0L 53 0 9 3R 53 1 9 3L 53 2 9 2L 53 3 9 2R 53 4 9 1L 53 5 9 1R 53 6 9 0R 53 7 9 0L 54 0 0 3R 54 1 0 3L 54 2 0 2L 54 3 0 2R 54 4 0 1L 54 5 0 1R 54 6 0 0R 54 7 0 0L 55 0 36 3R 55 1 36 3L 55 2 36 2L 55 3 36 2R 55 4 36 1L 55 5 36 1R 55 6 36 0R 55 7 36 0L 56 0 32 3R

56 1 32 3L 56 2 32 2L 56 3 32 2R 56 4 32 1L 56 5 32 1R 56 6 32 0R 56 7 32 0L 57 0 24 3R 57 1 24 3L 57 2 24 2L 57 3 24 2R 57 4 24 1L 57 5 24 1R 57 6 24 0R 57 7 24 0L 58 0 20 3R 58 1 20 3L 58 2 20 2L 58 3 20 2R 58 4 20 1L 58 5 20 1R 58 6 20 0R 58 7 20 0L 59 0 12 3R 59 1 12 3L 59 2 12 2L 59 3 12 2R 59 4 12 1L 59 5 12 1R 59 6 12 0R 59 7 12 0L 60 0 8 3R 60 1 8 3L 60 2 8 2L 60 3 8 2R 60 4 8 1L 60 5 8 1R 60 6 8 0R 60 7 8 0L
