   0  487
   1  483
   2  482
   3  486
   4  481
   5  485
   6  484
   7  480
   8  479
   9  475
  10  474
  11  478
  12  473
  13  477
  14  476
  15  472
  16  447
  17  443
  18  442
  19  446
  20  441
  21  445
  22  444
  23  440
  24  415
  25  411
  26  410
  27  414
  28  409
  29  413
  30  412
  31  408
  32  383
  33  379
  34  378
  35  382
  36  377
  37  381
  38  380
  39  376
  40  319
  41  315
  42  314
  43  318
  44  313
  45  317
  46  316
  47  312
  48  287
  49  283
  50  282
  51  286
  52  281
  53  285
  54  284
  55  280
  56  223
  57  219
  58  218
  59  222
  60  217
  61  221
  62  220
  63  216
  64  191
  65  187
  66  186
  67  190
  68  185
  69  189
  70  188
  71  184
  72  127
  73  123
  74  122
  75  126
  76  121
  77  125
  78  124
  79  120
  80   95
  81   91
  82   90
  83   94
  84   89
  85   93
  86   92
  87   88
  88   63
  89   59
  90   58
  91   62
  92   57
  93   61
  94   60
  95   56
  96  463
  97  459
  98  458
  99  462
 100  457
 101  461
 102  460
 103  456
 104  471
 105  467
 106  466
 107  470
 108  465
 109  469
 110  468
 111  464
 112  439
 113  435
 114  434
 115  438
 116  433
 117  437
 118  436
 119  432
 120  407
 121  403
 122  402
 123  406
 124  401
 125  405
 126  404
 127  400
 128  351
 129  347
 130  346
 131  350
 132  345
 133  349
 134  348
 135  344
 136  311
 137  307
 138  306
 139  310
 140  305
 141  309
 142  308
 143  304
 144  255
 145  251
 146  250
 147  254
 148  249
 149  253
 150  252
 151  248
 152  215
 153  211
 154  210
 155  214
 156  209
 157  213
 158  212
 159  208
 160  159
 161  155
 162  154
 163  158
 164  153
 165  157
 166  156
 167  152
 168  119
 169  115
 170  114
 171  118
 172  113
 173  117
 174  116
 175  112
 176   55
 177   51
 178   50
 179   54
 180   49
 181   53
 182   52
 183   48
 184   31
 185   27
 186   26
 187   30
 188   25
 189   29
 190   28
 191   24
 192  455
 193  451
 194  450
 195  454
 196  449
 197  453
 198  452
 199  448
 200  431
 201  427
 202  426
 203  430
 204  425
 205  429
 206  428
 207  424
 208  375
 209  371
 210  370
 211  374
 212  369
 213  373
 214  372
 215  368
 216  343
 217  339
 218  338
 219  342
 220  337
 221  341
 222  340
 223  336
 224  303
 225  299
 226  298
 227  302
 228  297
 229  301
 230  300
 231  296
 232  247
 233  243
 234  242
 235  246
 236  241
 237  245
 238  244
 239  240
 240  207
 241  203
 242  202
 243  206
 244  201
 245  205
 246  204
 247  200
 248  151
 249  147
 250  146
 251  150
 252  145
 253  149
 254  148
 255  144
 256  111
 257  107
 258  106
 259  110
 260  105
 261  109
 262  108
 263  104
 264   47
 265   43
 266   42
 267   46
 268   41
 269   45
 270   44
 271   40
 272   23
 273   19
 274   18
 275   22
 276   17
 277   21
 278   20
 279   16
 280  423
 281  419
 282  418
 283  422
 284  417
 285  421
 286  420
 287  416
 288  399
 289  395
 290  394
 291  398
 292  393
 293  397
 294  396
 295  392
 296  367
 297  363
 298  362
 299  366
 300  361
 301  365
 302  364
 303  360
 304  335
 305  331
 306  330
 307  334
 308  329
 309  333
 310  332
 311  328
 312  279
 313  275
 314  274
 315  278
 316  273
 317  277
 318  276
 319  272
 320  239
 321  235
 322  234
 323  238
 324  233
 325  237
 326  236
 327  232
 328  183
 329  179
 330  178
 331  182
 332  177
 333  181
 334  180
 335  176
 336  143
 337  139
 338  138
 339  142
 340  137
 341  141
 342  140
 343  136
 344   87
 345   83
 346   82
 347   86
 348   81
 349   85
 350   84
 351   80
 352   39
 353   35
 354   34
 355   38
 356   33
 357   37
 358   36
 359   32
 360   15
 361   11
 362   10
 363   14
 364    9
 365   13
 366   12
 367    8
 368  391
 369  387
 370  386
 371  390
 372  385
 373  389
 374  388
 375  384
 376  359
 377  355
 378  354
 379  358
 380  353
 381  357
 382  356
 383  352
 384  327
 385  323
 386  322
 387  326
 388  321
 389  325
 390  324
 391  320
 392  271
 393  267
 394  266
 395  270
 396  265
 397  269
 398  268
 399  264
 400  231
 401  227
 402  226
 403  230
 404  225
 405  229
 406  228
 407  224
 408  175
 409  171
 410  170
 411  174
 412  169
 413  173
 414  172
 415  168
 416  135
 417  131
 418  130
 419  134
 420  129
 421  133
 422  132
 423  128
 424   79
 425   75
 426   74
 427   78
 428   73
 429   77
 430   76
 431   72
 432    7
 433    3
 434    2
 435    6
 436    1
 437    5
 438    4
 439    0
 440  295
 441  291
 442  290
 443  294
 444  289
 445  293
 446  292
 447  288
 448  263
 449  259
 450  258
 451  262
 452  257
 453  261
 454  260
 455  256
 456  199
 457  195
 458  194
 459  198
 460  193
 461  197
 462  196
 463  192
 464  167
 465  163
 466  162
 467  166
 468  161
 469  165
 470  164
 471  160
 472  103
 473   99
 474   98
 475  102
 476   97
 477  101
 478  100
 479   96
 480   71
 481   67
 482   66
 483   70
 484   65
 485   69
 486   68
 487   64
 488  967
 489  963
 490  962
 491  966
 492  961
 493  965
 494  964
 495  960
 496  935
 497  931
 498  930
 499  934
 500  929
 501  933
 502  932
 503  928
 504  871
 505  867
 506  866
 507  870
 508  865
 509  869
 510  868
 511  864
 512  839
 513  835
 514  834
 515  838
 516  833
 517  837
 518  836
 519  832
 520  775
 521  771
 522  770
 523  774
 524  769
 525  773
 526  772
 527  768
 528  743
 529  739
 530  738
 531  742
 532  737
 533  741
 534  740
 535  736
 536  679
 537  675
 538  674
 539  678
 540  673
 541  677
 542  676
 543  672
 544  647
 545  643
 546  642
 547  646
 548  641
 549  645
 550  644
 551  640
 552  583
 553  579
 554  578
 555  582
 556  577
 557  581
 558  580
 559  576
 560  551
 561  547
 562  546
 563  550
 564  545
 565  549
 566  548
 567  544
 568  519
 569  515
 570  514
 571  518
 572  513
 573  517
 574  516
 575  512
 576  527
 577  523
 578  522
 579  526
 580  521
 581  525
 582  524
 583  520
 584  975
 585  971
 586  970
 587  974
 588  969
 589  973
 590  972
 591  968
 592  943
 593  939
 594  938
 595  942
 596  937
 597  941
 598  940
 599  936
 600  879
 601  875
 602  874
 603  878
 604  873
 605  877
 606  876
 607  872
 608  847
 609  843
 610  842
 611  846
 612  841
 613  845
 614  844
 615  840
 616  783
 617  779
 618  778
 619  782
 620  777
 621  781
 622  780
 623  776
 624  751
 625  747
 626  746
 627  750
 628  745
 629  749
 630  748
 631  744
 632  687
 633  683
 634  682
 635  686
 636  681
 637  685
 638  684
 639  680
 640  655
 641  651
 642  650
 643  654
 644  649
 645  653
 646  652
 647  648
 648  615
 649  611
 650  610
 651  614
 652  609
 653  613
 654  612
 655  608
 656  559
 657  555
 658  554
 659  558
 660  553
 661  557
 662  556
 663  552
 664  535
 665  531
 666  530
 667  534
 668  529
 669  533
 670  532
 671  528
 672  543
 673  539
 674  538
 675  542
 676  537
 677  541
 678  540
 679  536
 680  983
 681  979
 682  978
 683  982
 684  977
 685  981
 686  980
 687  976
 688  951
 689  947
 690  946
 691  950
 692  945
 693  949
 694  948
 695  944
 696  903
 697  899
 698  898
 699  902
 700  897
 701  901
 702  900
 703  896
 704  855
 705  851
 706  850
 707  854
 708  849
 709  853
 710  852
 711  848
 712  807
 713  803
 714  802
 715  806
 716  801
 717  805
 718  804
 719  800
 720  759
 721  755
 722  754
 723  758
 724  753
 725  757
 726  756
 727  752
 728  711
 729  707
 730  706
 731  710
 732  705
 733  709
 734  708
 735  704
 736  663
 737  659
 738  658
 739  662
 740  657
 741  661
 742  660
 743  656
 744  623
 745  619
 746  618
 747  622
 748  617
 749  621
 750  620
 751  616
 752  591
 753  587
 754  586
 755  590
 756  585
 757  589
 758  588
 759  584
 760  567
 761  563
 762  562
 763  566
 764  561
 765  565
 766  564
 767  560
 768  999
 769  995
 770  994
 771  998
 772  993
 773  997
 774  996
 775  992
 776  959
 777  955
 778  954
 779  958
 780  953
 781  957
 782  956
 783  952
 784  911
 785  907
 786  906
 787  910
 788  905
 789  909
 790  908
 791  904
 792  863
 793  859
 794  858
 795  862
 796  857
 797  861
 798  860
 799  856
 800  815
 801  811
 802  810
 803  814
 804  809
 805  813
 806  812
 807  808
 808  767
 809  763
 810  762
 811  766
 812  761
 813  765
 814  764
 815  760
 816  719
 817  715
 818  714
 819  718
 820  713
 821  717
 822  716
 823  712
 824  671
 825  667
 826  666
 827  670
 828  665
 829  669
 830  668
 831  664
 832  631
 833  627
 834  626
 835  630
 836  625
 837  629
 838  628
 839  624
 840  599
 841  595
 842  594
 843  598
 844  593
 845  597
 846  596
 847  592
 848  575
 849  571
 850  570
 851  574
 852  569
 853  573
 854  572
 855  568
 856  991
 857  987
 858  986
 859  990
 860  985
 861  989
 862  988
 863  984
 864  919
 865  915
 866  914
 867  918
 868  913
 869  917
 870  916
 871  912
 872  887
 873  883
 874  882
 875  886
 876  881
 877  885
 878  884
 879  880
 880  823
 881  819
 882  818
 883  822
 884  817
 885  821
 886  820
 887  816
 888  791
 889  787
 890  786
 891  790
 892  785
 893  789
 894  788
 895  784
 896  727
 897  723
 898  722
 899  726
 900  721
 901  725
 902  724
 903  720
 904  695
 905  691
 906  690
 907  694
 908  689
 909  693
 910  692
 911  688
 912  639
 913  635
 914  634
 915  638
 916  633
 917  637
 918  636
 919  632
 920  607
 921  603
 922  602
 923  606
 924  601
 925  605
 926  604
 927  600
 928  927
 929  923
 930  922
 931  926
 932  921
 933  925
 934  924
 935  920
 936  895
 937  891
 938  890
 939  894
 940  889
 941  893
 942  892
 943  888
 944  831
 945  827
 946  826
 947  830
 948  825
 949  829
 950  828
 951  824
 952  799
 953  795
 954  794
 955  798
 956  793
 957  797
 958  796
 959  792
 960  735
 961  731
 962  730
 963  734
 964  729
 965  733
 966  732
 967  728
 968  703
 969  699
 970  698
 971  702
 972  697
 973  701
 974  700
 975  696
 976 1511
 977 1507
 978 1506
 979 1510
 980 1505
 981 1509
 982 1508
 983 1504
 984 1503
 985 1499
 986 1498
 987 1502
 988 1497
 989 1501
 990 1500
 991 1496
 992 1471
 993 1467
 994 1466
 995 1470
 996 1465
 997 1469
 998 1468
 999 1464
1000 1439
1001 1435
1002 1434
1003 1438
1004 1433
1005 1437
1006 1436
1007 1432
1008 1407
1009 1403
1010 1402
1011 1406
1012 1401
1013 1405
1014 1404
1015 1400
1016 1343
1017 1339
1018 1338
1019 1342
1020 1337
1021 1341
1022 1340
1023 1336
1024 1311
1025 1307
1026 1306
1027 1310
1028 1305
1029 1309
1030 1308
1031 1304
1032 1247
1033 1243
1034 1242
1035 1246
1036 1241
1037 1245
1038 1244
1039 1240
1040 1215
1041 1211
1042 1210
1043 1214
1044 1209
1045 1213
1046 1212
1047 1208
1048 1151
1049 1147
1050 1146
1051 1150
1052 1145
1053 1149
1054 1148
1055 1144
1056 1119
1057 1115
1058 1114
1059 1118
1060 1113
1061 1117
1062 1116
1063 1112
1064 1087
1065 1083
1066 1082
1067 1086
1068 1081
1069 1085
1070 1084
1071 1080
1072 1487
1073 1483
1074 1482
1075 1486
1076 1481
1077 1485
1078 1484
1079 1480
1080 1495
1081 1491
1082 1490
1083 1494
1084 1489
1085 1493
1086 1492
1087 1488
1088 1463
1089 1459
1090 1458
1091 1462
1092 1457
1093 1461
1094 1460
1095 1456
1096 1431
1097 1427
1098 1426
1099 1430
1100 1425
1101 1429
1102 1428
1103 1424
1104 1375
1105 1371
1106 1370
1107 1374
1108 1369
1109 1373
1110 1372
1111 1368
1112 1335
1113 1331
1114 1330
1115 1334
1116 1329
1117 1333
1118 1332
1119 1328
1120 1279
1121 1275
1122 1274
1123 1278
1124 1273
1125 1277
1126 1276
1127 1272
1128 1239
1129 1235
1130 1234
1131 1238
1132 1233
1133 1237
1134 1236
1135 1232
1136 1183
1137 1179
1138 1178
1139 1182
1140 1177
1141 1181
1142 1180
1143 1176
1144 1143
1145 1139
1146 1138
1147 1142
1148 1137
1149 1141
1150 1140
1151 1136
1152 1079
1153 1075
1154 1074
1155 1078
1156 1073
1157 1077
1158 1076
1159 1072
1160 1055
1161 1051
1162 1050
1163 1054
1164 1049
1165 1053
1166 1052
1167 1048
1168 1479
1169 1475
1170 1474
1171 1478
1172 1473
1173 1477
1174 1476
1175 1472
1176 1455
1177 1451
1178 1450
1179 1454
1180 1449
1181 1453
1182 1452
1183 1448
1184 1399
1185 1395
1186 1394
1187 1398
1188 1393
1189 1397
1190 1396
1191 1392
1192 1367
1193 1363
1194 1362
1195 1366
1196 1361
1197 1365
1198 1364
1199 1360
1200 1327
1201 1323
1202 1322
1203 1326
1204 1321
1205 1325
1206 1324
1207 1320
1208 1271
1209 1267
1210 1266
1211 1270
1212 1265
1213 1269
1214 1268
1215 1264
1216 1231
1217 1227
1218 1226
1219 1230
1220 1225
1221 1229
1222 1228
1223 1224
1224 1175
1225 1171
1226 1170
1227 1174
1228 1169
1229 1173
1230 1172
1231 1168
1232 1135
1233 1131
1234 1130
1235 1134
1236 1129
1237 1133
1238 1132
1239 1128
1240 1071
1241 1067
1242 1066
1243 1070
1244 1065
1245 1069
1246 1068
1247 1064
1248 1047
1249 1043
1250 1042
1251 1046
1252 1041
1253 1045
1254 1044
1255 1040
1256 1447
1257 1443
1258 1442
1259 1446
1260 1441
1261 1445
1262 1444
1263 1440
1264 1423
1265 1419
1266 1418
1267 1422
1268 1417
1269 1421
1270 1420
1271 1416
1272 1391
1273 1387
1274 1386
1275 1390
1276 1385
1277 1389
1278 1388
1279 1384
1280 1359
1281 1355
1282 1354
1283 1358
1284 1353
1285 1357
1286 1356
1287 1352
1288 1303
1289 1299
1290 1298
1291 1302
1292 1297
1293 1301
1294 1300
1295 1296
1296 1263
1297 1259
1298 1258
1299 1262
1300 1257
1301 1261
1302 1260
1303 1256
1304 1207
1305 1203
1306 1202
1307 1206
1308 1201
1309 1205
1310 1204
1311 1200
1312 1167
1313 1163
1314 1162
1315 1166
1316 1161
1317 1165
1318 1164
1319 1160
1320 1111
1321 1107
1322 1106
1323 1110
1324 1105
1325 1109
1326 1108
1327 1104
1328 1063
1329 1059
1330 1058
1331 1062
1332 1057
1333 1061
1334 1060
1335 1056
1336 1039
1337 1035
1338 1034
1339 1038
1340 1033
1341 1037
1342 1036
1343 1032
1344 1415
1345 1411
1346 1410
1347 1414
1348 1409
1349 1413
1350 1412
1351 1408
1352 1383
1353 1379
1354 1378
1355 1382
1356 1377
1357 1381
1358 1380
1359 1376
1360 1351
1361 1347
1362 1346
1363 1350
1364 1345
1365 1349
1366 1348
1367 1344
1368 1295
1369 1291
1370 1290
1371 1294
1372 1289
1373 1293
1374 1292
1375 1288
1376 1255
1377 1251
1378 1250
1379 1254
1380 1249
1381 1253
1382 1252
1383 1248
1384 1199
1385 1195
1386 1194
1387 1198
1388 1193
1389 1197
1390 1196
1391 1192
1392 1159
1393 1155
1394 1154
1395 1158
1396 1153
1397 1157
1398 1156
1399 1152
1400 1103
1401 1099
1402 1098
1403 1102
1404 1097
1405 1101
1406 1100
1407 1096
1408 1031
1409 1027
1410 1026
1411 1030
1412 1025
1413 1029
1414 1028
1415 1024
1416 1319
1417 1315
1418 1314
1419 1318
1420 1313
1421 1317
1422 1316
1423 1312
1424 1287
1425 1283
1426 1282
1427 1286
1428 1281
1429 1285
1430 1284
1431 1280
1432 1223
1433 1219
1434 1218
1435 1222
1436 1217
1437 1221
1438 1220
1439 1216
1440 1191
1441 1187
1442 1186
1443 1190
1444 1185
1445 1189
1446 1188
1447 1184
1448 1127
1449 1123
1450 1122
1451 1126
1452 1121
1453 1125
1454 1124
1455 1120
1456 1095
1457 1091
1458 1090
1459 1094
1460 1089
1461 1093
1462 1092
1463 1088
1464 1991
1465 1987
1466 1986
1467 1990
1468 1985
1469 1989
1470 1988
1471 1984
1472 1959
1473 1955
1474 1954
1475 1958
1476 1953
1477 1957
1478 1956
1479 1952
1480 1895
1481 1891
1482 1890
1483 1894
1484 1889
1485 1893
1486 1892
1487 1888
1488 1863
1489 1859
1490 1858
1491 1862
1492 1857
1493 1861
1494 1860
1495 1856
1496 1799
1497 1795
1498 1794
1499 2030
1500 1793
1501 1797
1502 1796
1503 1792
1504 1767
1505 1763
1506 1762
1507 1766
1508 1761
1509 1765
1510 1764
1511 1760
1512 1703
1513 1699
1514 1698
1515 1702
1516 1697
1517 1701
1518 1700
1519 1696
1520 1671
1521 1667
1522 1666
1523 1670
1524 1665
1525 1669
1526 1668
1527 1664
1528 1607
1529 1603
1530 1602
1531 1606
1532 1601
1533 1605
1534 1604
1535 1600
1536 1575
1537 1571
1538 1570
1539 1574
1540 1569
1541 1573
1542 1572
1543 1568
1544 1543
1545 1539
1546 1538
1547 1542
1548 1537
1549 1541
1550 1540
1551 1536
1552 1551
1553 1547
1554 1546
1555 1550
1556 1545
1557 1549
1558 1548
1559 1544
1560 1999
1561 1995
1562 1994
1563 1998
1564 1993
1565 1997
1566 1996
1567 1992
1568 1967
1569 1963
1570 1962
1571 1966
1572 1961
1573 1965
1574 1964
1575 1960
1576 1903
1577 1899
1578 1898
1579 1902
1580 1897
1581 1901
1582 1900
1583 1896
1584 1871
1585 1867
1586 1866
1587 1870
1588 1865
1589 1869
1590 1868
1591 1864
1592 1807
1593 1803
1594 1802
1595 1806
1596 1801
1597 1805
1598 1804
1599 1800
1600 1775
1601 1771
1602 1770
1603 1774
1604 1769
1605 1773
1606 1772
1607 1768
1608 1711
1609 1707
1610 1706
1611 1710
1612 1705
1613 1709
1614 1708
1615 1704
1616 1679
1617 1675
1618 1674
1619 1678
1620 1673
1621 1677
1622 1676
1623 1672
1624 1639
1625 1635
1626 1634
1627 1638
1628 1633
1629 1637
1630 1636
1631 2031
1632 1583
1633 1579
1634 1578
1635 1582
1636 1577
1637 1581
1638 1580
1639 1576
1640 1559
1641 1555
1642 1554
1643 1558
1644 1553
1645 1557
1646 1556
1647 1552
1648 1567
1649 1563
1650 1562
1651 1566
1652 1561
1653 1565
1654 1564
1655 1560
1656 2007
1657 2003
1658 2002
1659 2006
1660 2001
1661 2005
1662 2004
1663 2000
1664 1975
1665 1971
1666 1970
1667 1974
1668 1969
1669 1973
1670 1972
1671 1968
1672 1927
1673 1923
1674 1922
1675 1926
1676 1921
1677 1925
1678 1924
1679 1920
1680 1879
1681 1875
1682 1874
1683 1878
1684 1873
1685 1877
1686 1876
1687 1872
1688 1831
1689 1827
1690 1826
1691 1830
1692 1825
1693 1829
1694 1828
1695 1824
1696 1783
1697 1779
1698 1778
1699 1782
1700 1777
1701 1781
1702 1780
1703 1776
1704 1735
1705 1731
1706 1730
1707 1734
1708 1729
1709 1733
1710 1732
1711 1728
1712 1687
1713 1683
1714 1682
1715 1686
1716 1681
1717 1685
1718 1684
1719 1680
1720 1647
1721 1643
1722 1642
1723 1646
1724 1641
1725 1645
1726 1644
1727 1640
1728 1615
1729 1611
1730 1610
1731 1614
1732 1609
1733 1613
1734 1612
1735 1608
1736 1591
1737 1587
1738 1586
1739 1590
1740 1585
1741 1589
1742 1588
1743 1584
1744 2023
1745 2019
1746 2018
1747 2022
1748 2017
1749 2021
1750 2020
1751 2016
1752 1983
1753 1979
1754 1978
1755 1982
1756 1977
1757 1981
1758 1980
1759 1976
1760 1935
1761 1931
1762 1930
1763 1934
1764 1929
1765 1933
1766 1932
1767 1928
1768 1887
1769 1883
1770 1882
1771 1886
1772 1881
1773 1885
1774 1884
1775 1880
1776 1839
1777 1835
1778 1834
1779 1838
1780 1833
1781 1837
1782 1836
1783 1832
1784 1791
1785 1787
1786 1786
1787 1790
1788 1785
1789 1789
1790 1788
1791 1784
1792 1743
1793 1739
1794 1738
1795 1742
1796 1737
1797 1741
1798 1740
1799 1736
1800 1695
1801 1691
1802 1690
1803 1694
1804 1689
1805 1693
1806 1692
1807 1688
1808 1655
1809 1651
1810 1650
1811 1654
1812 1649
1813 1653
1814 1652
1815 1648
1816 1623
1817 1619
1818 1618
1819 1622
1820 1617
1821 1621
1822 1620
1823 1616
1824 1599
1825 1595
1826 1594
1827 1598
1828 1593
1829 1597
1830 1596
1831 1592
1832 2015
1833 2011
1834 2010
1835 2014
1836 2009
1837 2013
1838 2012
1839 2008
1840 1943
1841 1939
1842 1938
1843 1942
1844 1937
1845 1941
1846 1940
1847 1936
1848 1911
1849 1907
1850 1906
1851 1910
1852 1905
1853 1909
1854 1908
1855 1904
1856 1847
1857 1843
1858 1842
1859 1846
1860 1841
1861 1845
1862 1844
1863 1840
1864 1815
1865 1811
1866 1810
1867 1814
1868 1809
1869 1813
1870 1812
1871 1808
1872 1751
1873 1747
1874 1746
1875 1750
1876 1745
1877 1749
1878 1748
1879 1744
1880 1719
1881 1715
1882 1714
1883 1718
1884 1713
1885 1717
1886 1716
1887 1712
1888 1663
1889 1659
1890 1658
1891 1662
1892 1657
1893 1661
1894 1660
1895 1656
1896 1631
1897 1627
1898 1626
1899 1630
1900 1625
1901 1629
1902 1628
1903 1624
1904 1951
1905 1947
1906 1946
1907 1950
1908 1945
1909 1949
1910 1948
1911 1944
1912 1919
1913 1915
1914 1914
1915 1918
1916 1913
1917 1917
1918 1916
1919 1912
1920 1855
1921 1851
1922 1850
1923 1854
1924 1849
1925 1853
1926 1852
1927 1848
1928 1823
1929 1819
1930 1818
1931 1822
1932 1817
1933 1821
1934 1820
1935 1816
1936 1759
1937 1755
1938 1754
1939 1758
1940 1753
1941 1757
1942 1756
1943 1752
1944 1727
1945 1723
1946 1722
1947 1726
1948 1721
1949 1725
1950 1724
1951 1720
1952 2168
1953 2163
1954 2155
1955 2147
1956 2139
1957 2123
1958 2115
1959 2099
1960 2091
1961 2075
1962 2067
1963 2059
1964 2161
1965 2162
1966 2154
1967 2146
1968 2131
1969 2122
1970 2107
1971 2098
1972 2083
1973 2074
1974 2058
1975 2051
1976 2160
1977 2153
1978 2138
1979 2130
1980 2121
1981 2106
1982 2097
1983 2082
1984 2073
1985 2057
1986 2050
1987 2152
1988 2145
1989 2137
1990 2129
1991 2114
1992 2105
1993 2090
1994 2081
1995 2066
1996 2056
1997 2049
1998 2144
1999 2136
2000 2128
2001 2113
2002 2104
2003 2089
2004 2080
2005 2065
2006 2048
2007 2120
2008 2112
2009 2096
2010 2088
2011 2072
2012 2064
2013 2288
2014 2280
2015 2264
2016 2256
2017 2240
2018 2232
2019 2216
2020 2208
2021 2192
2022 2184
2023 2176
2024 2177
2025 2289
2026 2281
2027 2265
2028 2257
2029 2241
2030 2233
2031 2217
2032 2209
2033 2200
2034 2185
2035 2178
2036 2179
2037 2290
2038 2282
2039 2272
2040 2258
2041 2252
2042 2234
2043 2224
2044 2210
2045 2201
2046 2193
2047 2186
2048 2296
2049 2283
2050 2273
2051 2259
2052 2253
2053 2235
2054 2225
2055 2211
2056 2202
2057 2194
2058 2187
2059 2291
2060 2274
2061 2266
2062 2254
2063 2242
2064 2226
2065 2218
2066 2203
2067 2195
2068 2275
2069 2267
2070 2255
2071 2243
2072 2227
2073 2219
2074 2424
2075 2419
2076 2411
2077 2403
2078 2395
2079 2379
2080 2371
2081 2355
2082 2347
2083 2331
2084 2323
2085 2315
2086 2417
2087 2418
2088 2410
2089 2402
2090 2387
2091 2378
2092 2363
2093 2354
2094 2339
2095 2330
2096 2314
2097 2307
2098 2416
2099 2409
2100 2394
2101 2386
2102 2377
2103 2362
2104 2353
2105 2338
2106 2329
2107 2313
2108 2306
2109 2408
2110 2401
2111 2393
2112 2385
2113 2370
2114 2361
2115 2346
2116 2337
2117 2322
2118 2312
2119 2305
2120 2400
2121 2392
2122 2384
2123 2369
2124 2360
2125 2345
2126 2336
2127 2321
2128 2304
2129 2376
2130 2368
2131 2352
2132 2344
2133 2328
2134 2320
2135 2544
2136 2536
2137 2520
2138 2512
2139 2496
2140 2488
2141 2472
2142 2464
2143 2448
2144 2440
2145 2436
2146 2437
2147 2545
2148 2537
2149 2521
2150 2513
2151 2497
2152 2489
2153 2473
2154 2465
2155 2456
2156 2441
2157 2438
2158 2439
2159 2546
2160 2538
2161 2528
2162 2514
2163 2504
2164 2490
2165 2480
2166 2466
2167 2457
2168 2449
2169 2442
2170 2552
2171 2539
2172 2529
2173 2515
2174 2505
2175 2491
2176 2481
2177 2467
2178 2458
2179 2450
2180 2443
2181 2547
2182 2530
2183 2522
2184 2506
2185 2498
2186 2482
2187 2474
2188 2459
2189 2451
2190 2531
2191 2523
2192 2507
2193 2499
2194 2483
2195 2475
