0 0.114791
1 0.093622
2 0.097167
3 0.105172
4 0.104724
5 0.089000
6 0.101628
7 0.109357
8 0.092563
9 0.113020
10 0.104491
11 0.101684
12 0.108993
13 0.104184
14 0.098581
15 0.108457
16 0.115450
17 0.123980
18 0.116579
19 0.118635
20 0.126354
21 0.113889
22 0.108447
23 0.121104
24 0.122088
25 0.121139
26 0.122333
27 0.129520
28 0.115669
29 0.127106
30 0.127888
31 0.125287
32 0.102953
33 0.127985
34 0.113259
35 0.108953
36 0.124607
37 0.132144
38 0.124096
39 0.127260
40 -1.000000
41 -1.000000
42 -1.000000
43 -1.000000
44 -1.000000
45 -1.000000
46 -1.000000
47 -1.000000
48 -1.000000
49 -1.000000
50 -1.000000
51 -1.000000
52 -1.000000
53 -1.000000
54 -1.000000
55 -1.000000
56 0.080724
57 0.125376
58 0.077057
59 0.119114
60 0.105394
61 -1.000000
62 0.109577
63 0.101484
64 0.089219
65 0.089476
66 0.090366
67 0.101120
68 0.082841
69 0.099759
70 0.084536
71 0.098231
72 0.111690
73 0.123675
74 0.116498
75 0.111382
76 0.116534
77 0.087351
78 0.098564
79 0.113449
80 0.105164
81 0.112290
82 0.116923
83 0.103970
84 0.121434
85 0.115350
86 0.117111
87 0.109239
88 0.103133
89 0.112230
90 0.110691
91 0.094301
92 0.109918
93 0.108037
94 0.114831
95 0.116445
96 0.096391
97 0.114516
98 0.115188
99 0.100010
100 0.093633
101 0.091550
102 0.108424
103 0.110012
104 0.102766
105 0.109116
106 0.120128
107 0.111856
108 0.116488
109 0.105168
110 0.109050
111 0.098514
112 0.110835
113 0.117191
114 0.117895
115 0.115346
116 0.119065
117 0.114831
118 0.114797
119 0.111753
120 0.116744
121 0.107662
122 0.124983
123 0.120395
124 0.123069
125 0.111877
126 0.115511
127 0.114617
128 0.129720
129 0.139560
130 0.124484
131 0.145102
132 0.135591
133 0.131943
134 0.140630
135 0.123129
136 -1.000000
137 -1.000000
138 -1.000000
139 0.102107
140 0.068544
141 0.112976
142 0.128682
143 0.095905
144 -1.000000
145 -1.000000
146 0.066303
147 -1.000000
148 0.119644
149 0.133045
150 0.118874
151 0.086124
152 0.080036
153 0.099116
154 0.106024
155 0.084889
156 0.092573
157 0.079926
158 0.082838
159 0.102537
160 0.090789
161 0.109368
162 0.109208
163 0.093112
164 0.106768
165 0.101674
166 0.114253
167 0.111216
168 0.109707
169 0.118414
170 0.117561
171 0.084103
172 0.110628
173 0.105006
174 0.097312
175 0.112512
176 0.106559
177 0.105065
178 0.114752
179 0.119124
180 0.109739
181 0.103747
182 0.114330
183 0.113002
184 0.112169
185 0.115507
186 0.116537
187 0.112664
188 0.113753
189 0.129104
190 0.101198
191 0.111033
192 0.108771
193 0.107209
194 0.122008
195 0.094001
196 0.095037
197 0.095808
198 0.109198
199 0.095901
200 0.112595
201 0.127404
202 0.108422
203 0.116390
204 0.119144
205 0.117533
206 0.121134
207 0.114596
208 0.120238
209 0.122149
210 0.124466
211 0.120820
212 0.121175
213 0.118352
214 0.127480
215 0.113682
216 0.130777
217 0.127688
218 0.133762
219 0.132581
220 0.131153
221 0.122812
222 0.121493
223 0.130448
224 0.107206
225 0.119906
226 0.115996
227 0.101117
228 0.121556
229 0.094472
230 0.094583
231 0.119417
232 0.104170
233 0.106585
234 0.105452
235 0.105162
236 0.114559
237 0.112023
238 0.110800
239 0.119948
240 0.098696
241 0.110092
242 0.110197
243 0.118241
244 0.119707
245 0.121280
246 0.115731
247 0.117585
248 0.105956
249 0.112426
250 0.116069
251 0.113020
252 0.114670
253 0.117981
254 0.103914
255 0.106174
256 0.103212
257 0.110712
258 0.102931
259 0.117508
260 0.107643
261 0.122807
262 0.115534
263 0.115739
264 0.112998
265 0.110183
266 0.112016
267 0.106728
268 0.110408
269 0.097669
270 0.109844
271 0.117687
272 0.114318
273 0.110771
274 0.116394
275 0.119657
276 0.119342
277 0.120747
278 0.110146
279 0.116942
280 0.110173
281 0.106357
282 0.119162
283 0.100779
284 0.118638
285 0.084162
286 0.111736
287 0.108736
288 0.107309
289 0.121244
290 0.105095
291 0.104763
292 0.114503
293 0.101302
294 0.114487
295 0.132127
296 0.127623
297 0.115144
298 0.114068
299 0.128737
300 0.110834
301 0.118236
302 0.114827
303 0.115267
304 0.120969
305 0.117013
306 0.120147
307 0.122319
308 0.121029
309 0.125939
310 0.121677
311 0.121442
312 0.122612
313 0.120206
314 0.125296
315 0.111617
316 0.122069
317 0.103038
318 0.119631
319 0.109797
320 0.128413
321 0.117465
322 0.121172
323 0.121224
324 0.095608
325 0.118059
326 0.118980
327 0.102980
328 0.100302
329 0.104299
330 0.118059
331 0.096206
332 0.114254
333 0.090466
334 0.082117
335 0.106041
336 0.109342
337 0.104794
338 0.110905
339 0.105704
340 0.106620
341 0.110388
342 0.108958
343 0.107698
344 0.112012
345 0.117164
346 0.100038
347 0.116761
348 0.109480
349 0.106222
350 0.114650
351 0.108767
352 0.110779
353 0.108574
354 0.104876
355 0.101559
356 0.104582
357 0.098673
358 0.107216
359 0.108648
360 0.111757
361 0.103017
362 0.108438
363 0.117874
364 0.112881
365 0.114044
366 0.110313
367 0.108403
368 0.074563
369 0.118501
370 0.118712
371 0.111381
372 0.116447
373 0.096769
374 0.103033
375 0.098544
376 0.124464
377 0.115743
378 0.110065
379 0.123578
380 0.127591
381 0.114013
382 0.109607
383 0.115543
384 0.122440
385 0.126907
386 0.120553
387 0.114278
388 0.122547
389 0.094095
390 0.112376
391 0.125331
392 0.109447
393 0.109302
394 0.110287
395 0.108064
396 0.111370
397 0.121519
398 0.114631
399 0.115606
400 0.105751
401 0.107314
402 0.123429
403 0.110908
404 0.120983
405 0.109665
406 0.108469
407 0.117686
408 0.090456
409 0.095101
410 0.094750
411 0.095963
412 0.105043
413 0.091472
414 0.095004
415 0.104828
416 0.107379
417 0.112371
418 0.108988
419 0.107938
420 0.109711
421 0.110566
422 0.108621
423 0.109197
424 0.107264
425 0.108657
426 0.114369
427 0.111337
428 0.106617
429 0.109828
430 0.109109
431 0.108295
432 0.114533
433 0.109150
434 0.116870
435 0.105367
436 0.113979
437 0.107613
438 0.110016
439 0.114465
440 0.119803
441 0.118937
442 0.117964
443 0.125221
444 0.118359
445 0.110126
446 0.120355
447 0.107325
448 0.124776
449 0.124473
450 0.118158
451 0.118665
452 0.118098
453 0.119981
454 0.108177
455 0.112079
456 0.093821
457 0.089994
458 0.093093
459 0.101332
460 0.089365
461 0.115648
462 0.111441
463 0.099425
464 0.095478
465 0.092090
466 0.101995
467 0.101236
468 0.103181
469 0.111836
470 0.115039
471 0.112167
472 0.091647
473 0.098725
474 0.104857
475 0.103534
476 0.113424
477 0.094930
478 0.113980
479 0.113303
480 0.101829
481 0.117732
482 0.118398
483 0.110283
484 0.119963
485 0.112989
486 0.111093
487 0.116492
488 0.083611
489 0.083985
490 0.114261
491 0.105897
492 0.106137
493 0.091795
494 0.101286
495 0.103718
496 0.105830
497 0.117258
498 0.112934
499 0.103025
500 0.116866
501 0.100906
502 0.119867
503 0.117466
504 0.116150
505 0.117457
506 0.128138
507 0.108063
508 0.117699
509 0.115106
510 0.115472
511 0.123971
512 0.101609
513 0.126293
514 0.127471
515 0.126799
516 0.122669
517 0.121084
518 0.108870
519 0.127618
520 0.118152
521 0.111137
522 0.111848
523 0.119049
524 0.111752
525 0.115937
526 0.120006
527 0.119090
528 0.125357
529 0.111730
530 -1.000000
531 0.080396
532 -1.000000
533 0.114598
534 -1.000000
535 -1.000000
536 0.126007
537 0.108320
538 0.131766
539 -1.000000
540 -1.000000
541 -1.000000
542 -1.000000
543 -1.000000
544 0.113916
545 0.091169
546 0.112757
547 0.112884
548 0.091380
549 0.088417
550 0.098987
551 0.093434
552 0.119601
553 0.121780
554 0.123019
555 0.124434
556 0.123108
557 0.108105
558 0.112004
559 0.114384
560 0.105397
561 0.104418
562 0.106905
563 0.114711
564 0.108931
565 0.113546
566 0.108442
567 0.111127
568 0.121124
569 0.109650
570 0.116598
571 0.120432
572 0.104553
573 0.117608
574 0.104863
575 0.105423
576 0.118245
577 0.113493
578 0.131224
579 0.126496
580 0.111110
581 0.117720
582 0.115713
583 0.116000
584 0.095899
585 0.089981
586 0.096317
587 0.088367
588 0.084217
589 0.090877
590 0.093343
591 0.093052
592 0.075256
593 0.104127
594 0.106409
595 0.096305
596 0.105059
597 0.097396
598 0.110769
599 0.103467
600 0.117349
601 0.125347
602 0.123402
603 0.108456
604 0.121582
605 0.116366
606 0.121895
607 0.127731
608 0.126644
609 0.112216
610 0.120444
611 0.092960
612 0.125961
613 0.111439
614 0.124142
615 0.115252
616 0.114557
617 0.121980
618 0.120705
619 0.126036
620 0.118964
621 0.111736
622 0.119736
623 0.118303
624 0.126039
625 0.112385
626 0.112323
627 0.112837
628 0.110231
629 0.114744
630 0.112637
631 0.105451
632 0.106122
633 0.112140
634 0.099146
635 0.119244
636 0.121614
637 0.109236
638 0.114644
639 0.108326
640 0.101982
641 0.095281
642 0.104107
643 0.087788
644 0.109985
645 0.097754
646 0.117001
647 0.108453
648 0.102011
649 0.099277
650 0.107243
651 0.122901
652 0.042322
653 0.109815
654 0.104450
655 0.097068
656 0.113795
657 0.117211
658 0.121832
659 0.111998
660 0.110607
661 0.106636
662 0.115068
663 0.109665
664 0.104938
665 0.118183
666 0.119404
667 0.123484
668 0.123722
669 0.119389
670 0.119834
671 0.112867
672 0.116811
673 0.132331
674 0.130087
675 0.107923
676 0.125587
677 0.104530
678 0.109564
679 0.120300
680 0.077590
681 0.106571
682 0.102986
683 0.117998
684 0.102727
685 0.107292
686 0.100712
687 0.085429
688 0.106960
689 0.106834
690 0.109470
691 0.108552
692 0.110235
693 0.101319
694 0.108395
695 0.104079
696 0.117928
697 0.115278
698 0.126170
699 0.115846
700 0.118983
701 0.125886
702 0.120794
703 0.121695
704 0.121371
705 0.111230
706 0.116920
707 0.111415
708 0.119329
709 0.102207
710 0.114212
711 0.120295
712 0.116319
713 0.103315
714 0.111092
715 0.111297
716 0.122642
717 0.110751
718 0.117196
719 0.124035
720 0.109645
721 0.101941
722 0.108271
723 0.115848
724 0.112987
725 0.107434
726 0.114356
727 0.109248
728 0.113655
729 0.099429
730 0.090216
731 0.107030
732 0.093572
733 0.110297
734 0.121238
735 0.108394
736 0.108741
737 0.102678
738 0.110886
739 0.114108
740 0.109734
741 0.113685
742 0.103326
743 0.093143
744 0.103515
745 0.101700
746 0.112031
747 0.110754
748 0.114750
749 0.114174
750 0.104623
751 0.115193
752 0.111630
753 0.112751
754 0.117341
755 0.111707
756 0.111420
757 0.110255
758 0.110232
759 0.118420
760 0.115271
761 0.125015
762 0.123381
763 0.107993
764 0.114887
765 0.106793
766 0.110890
767 0.118024
768 -1.000000
769 0.110341
770 0.094426
771 0.087213
772 0.095297
773 0.129608
774 0.117143
775 0.105733
776 0.108585
777 0.107594
778 0.112769
779 0.095699
780 0.115090
781 0.107827
782 0.102769
783 0.111505
784 0.118571
785 0.117181
786 0.112969
787 0.116785
788 0.123551
789 0.108740
790 0.122462
791 0.121314
792 0.116782
793 0.122029
794 0.112922
795 0.118996
796 0.122436
797 0.125610
798 0.117245
799 0.116812
800 0.117212
801 0.111935
802 0.087587
803 0.118737
804 0.106537
805 0.105575
806 0.112360
807 0.105740
808 0.105410
809 0.099714
810 0.102955
811 0.108378
812 0.106048
813 0.102119
814 0.101879
815 0.109723
816 0.113466
817 0.116516
818 0.121479
819 0.114107
820 0.111585
821 0.119082
822 0.120110
823 0.110735
824 0.112291
825 0.095714
826 0.095664
827 0.118640
828 0.118101
829 0.095685
830 0.090968
831 0.103097
832 0.122966
833 0.118805
834 0.125094
835 0.122237
836 0.121492
837 0.100572
838 0.111890
839 0.111524
840 0.115724
841 0.114460
842 0.119081
843 0.125837
844 0.124410
845 0.121973
846 0.117545
847 0.122526
848 0.119371
849 0.149413
850 -1.000000
851 0.123554
852 0.123340
853 0.126950
854 0.128992
855 0.116799
856 0.099380
857 0.065876
858 0.078442
859 0.086402
860 0.123353
861 0.088184
862 0.103381
863 0.100276
864 0.104391
865 0.118441
866 0.113622
867 0.113611
868 0.098609
869 0.109796
870 0.131471
871 0.100206
872 0.123215
873 0.118884
874 0.114391
875 0.116535
876 0.125081
877 0.114347
878 0.118974
879 0.121231
880 0.122389
881 0.118322
882 0.121781
883 0.125096
884 0.130834
885 0.115057
886 0.111568
887 0.120298
888 0.093099
889 0.104945
890 0.116158
891 0.110997
892 0.114900
893 0.102628
894 0.112107
895 0.108816
896 0.116843
897 0.109200
898 0.121217
899 0.113639
900 0.113081
901 0.127223
902 0.111599
903 0.113646
904 0.112917
905 0.099282
906 0.107711
907 0.112474
908 0.105450
909 0.128585
910 0.113430
911 0.084518
912 0.099420
913 0.088876
914 0.108742
915 0.098654
916 0.100306
917 0.109537
918 0.095609
919 0.101761
920 0.134808
921 -1.000000
922 -1.000000
923 0.112026
924 0.121226
925 0.114976
926 0.117655
927 0.119728
928 -1.000000
929 0.139315
930 0.111332
931 0.098137
932 0.127860
933 0.137289
934 0.131313
935 0.107315
936 0.128084
937 0.112470
938 0.121940
939 0.100133
940 0.111155
941 0.106243
942 0.101151
943 0.125679
944 0.090052
945 0.115558
946 0.107352
947 0.111809
948 0.122212
949 0.118170
950 0.108341
951 0.123067
952 0.088011
953 0.088244
954 0.089820
955 0.102337
956 0.108561
957 0.104979
958 0.116127
959 0.098313
960 0.114922
961 0.110018
962 0.109406
963 0.090538
964 0.109437
965 0.101849
966 0.109299
967 0.116355
968 0.120822
969 0.074288
970 0.077181
971 0.106242
972 0.094411
973 0.124513
974 0.105181
975 0.103291
976 0.094134
977 0.118149
978 0.118019
979 0.104023
980 0.118981
981 0.109717
982 0.122441
983 0.105320
984 0.098224
985 0.106114
986 0.105805
987 0.115347
988 0.131704
989 0.108351
990 0.090426
991 0.124680
992 0.110176
993 0.114767
994 0.118484
995 0.110295
996 0.121829
997 0.120025
998 0.117700
999 0.113867
1000 0.111560
1001 0.106388
1002 0.096996
1003 0.116928
1004 0.096017
1005 0.113856
1006 0.083287
1007 0.102325
1008 0.100535
1009 0.092676
1010 0.106769
1011 0.095126
1012 0.112347
1013 0.092670
1014 0.098631
1015 0.096632
1016 0.086463
1017 0.088666
1018 0.088844
1019 0.086745
1020 0.082771
1021 0.090052
1022 0.091090
1023 0.089143
1024 0.093300
1025 0.093568
1026 0.102531
1027 0.094175
1028 0.104107
1029 0.090708
1030 0.095869
1031 0.097469
1032 0.117434
1033 0.118739
1034 0.111918
1035 0.112877
1036 0.106979
1037 0.093013
1038 0.094116
1039 0.111944
1040 0.101301
1041 0.111633
1042 0.117382
1043 0.106058
1044 0.099970
1045 0.100947
1046 0.107520
1047 0.118804
1048 0.120152
1049 0.135507
1050 0.116774
1051 0.120125
1052 0.132860
1053 0.121886
1054 0.129504
1055 0.125380
1056 0.120785
1057 0.118012
1058 0.108266
1059 0.116408
1060 0.107775
1061 0.118037
1062 0.131436
1063 0.105360
1064 0.107833
1065 0.103230
1066 0.091968
1067 0.113167
1068 0.105232
1069 0.120699
1070 0.119767
1071 0.113930
1072 0.122059
1073 0.108859
1074 0.093425
1075 0.120553
1076 0.083402
1077 0.115437
1078 0.111752
1079 0.119469
1080 0.110934
1081 0.112916
1082 0.112909
1083 0.105833
1084 0.117080
1085 0.123486
1086 0.131179
1087 0.105708
1088 0.118964
1089 0.130010
1090 0.109558
1091 0.076958
1092 0.117676
1093 0.095510
1094 0.121616
1095 0.123564
1096 0.110980
1097 0.119427
1098 0.102904
1099 0.110904
1100 0.107814
1101 0.098403
1102 0.107640
1103 0.117722
1104 0.089805
1105 0.103226
1106 0.118113
1107 0.085879
1108 0.108879
1109 0.101418
1110 0.103792
1111 0.095660
1112 0.087869
1113 0.090892
1114 0.086214
1115 0.100830
1116 0.094638
1117 0.095144
1118 0.100717
1119 0.093892
1120 0.096417
1121 0.083005
1122 0.098771
1123 0.099900
1124 0.099247
1125 0.107670
1126 0.087309
1127 0.103446
1128 0.083873
1129 0.107452
1130 0.108222
1131 0.097830
1132 0.091625
1133 0.088552
1134 0.103482
1135 0.103967
1136 0.094091
1137 0.102173
1138 0.102284
1139 0.112811
1140 0.115485
1141 0.095174
1142 0.099487
1143 0.119025
1144 0.117797
1145 0.118368
1146 0.120521
1147 0.115138
1148 0.112402
1149 0.120283
1150 0.110227
1151 0.127340
1152 0.100357
1153 0.117125
1154 0.114942
1155 0.115280
1156 0.118474
1157 0.107236
1158 0.120304
1159 0.108021
1160 0.117396
1161 0.133194
1162 0.128803
1163 0.114872
1164 0.122293
1165 0.089305
1166 0.134136
1167 0.147626
1168 0.092762
1169 0.128579
1170 0.118451
1171 0.104203
1172 0.110184
1173 0.089198
1174 0.119327
1175 0.099931
1176 0.116406
1177 0.122798
1178 0.108245
1179 0.130874
1180 0.127537
1181 0.107156
1182 0.126332
1183 0.108295
1184 0.107674
1185 0.115998
1186 0.092658
1187 0.106823
1188 0.104861
1189 0.107339
1190 0.102601
1191 0.110766
1192 0.096628
1193 0.103902
1194 0.085564
1195 0.108649
1196 0.107988
1197 0.102378
1198 0.109516
1199 0.104794
1200 0.087018
1201 0.071096
1202 0.081752
1203 0.107348
1204 0.084506
1205 0.086793
1206 0.100109
1207 0.108083
1208 0.104474
1209 0.114242
1210 0.105629
1211 0.103417
1212 0.103597
1213 0.107891
1214 0.107221
1215 0.114190
1216 0.106986
1217 0.104375
1218 0.119114
1219 0.108689
1220 0.116037
1221 0.115087
1222 0.100336
1223 0.117341
1224 0.099495
1225 0.105493
1226 0.118904
1227 0.114411
1228 0.108203
1229 0.099490
1230 0.133278
1231 0.115261
1232 0.122120
1233 0.126996
1234 0.132613
1235 0.116674
1236 0.127864
1237 0.114757
1238 0.124212
1239 0.131577
1240 0.115680
1241 0.112243
1242 0.118571
1243 0.117520
1244 0.124097
1245 0.115886
1246 0.122157
1247 0.111729
1248 0.012503
1249 0.124628
1250 0.123284
1251 0.135225
1252 0.144648
1253 0.143735
1254 0.136124
1255 0.129665
1256 0.106820
1257 0.110054
1258 0.118921
1259 0.115468
1260 0.120618
1261 0.096767
1262 0.118499
1263 0.110384
1264 0.113539
1265 0.107811
1266 0.118036
1267 0.118974
1268 0.098813
1269 0.120263
1270 0.096602
1271 0.098792
1272 0.125056
1273 0.123701
1274 0.124679
1275 0.115787
1276 0.105809
1277 0.102060
1278 0.117106
1279 0.103048
1280 0.113602
1281 0.119743
1282 0.100448
1283 0.118562
1284 0.123565
1285 0.113603
1286 0.106537
1287 0.109860
1288 0.119827
1289 0.113890
1290 0.094982
1291 0.116239
1292 0.098870
1293 0.118811
1294 0.110708
1295 0.106366
1296 0.107234
1297 0.108982
1298 0.120692
1299 0.106778
1300 0.126404
1301 0.118296
1302 0.099956
1303 0.106110
1304 0.115810
1305 0.115145
1306 0.111647
1307 0.116204
1308 0.114910
1309 0.129290
1310 0.113060
1311 0.122481
1312 0.103260
1313 0.130170
1314 0.115412
1315 0.124455
1316 0.126688
1317 0.120541
1318 0.127903
1319 0.137796
1320 0.117674
1321 0.116794
1322 0.120997
1323 0.116444
1324 0.121571
1325 0.101733
1326 0.123882
1327 0.113233
1328 0.111260
1329 0.116332
1330 0.123960
1331 0.123480
1332 0.126457
1333 0.115605
1334 0.121630
1335 0.124341
1336 0.137947
1337 0.116420
1338 -1.000000
1339 0.129392
1340 0.137320
1341 0.122391
1342 0.122700
1343 -1.000000
1344 0.106408
1345 0.109950
1346 0.100366
1347 0.112845
1348 0.097396
1349 0.111617
1350 0.105845
1351 0.087660
1352 0.100339
1353 0.112950
1354 0.114748
1355 0.120535
1356 0.102583
1357 0.095788
1358 0.099590
1359 0.098783
1360 0.120698
1361 0.115977
1362 0.110479
1363 0.100907
1364 0.103128
1365 0.101556
1366 0.099319
1367 0.102683
1368 0.093262
1369 0.105374
1370 0.122792
1371 0.115459
1372 0.114678
1373 0.116455
1374 0.095603
1375 0.113061
1376 0.103241
1377 0.120227
1378 0.109494
1379 0.113486
1380 0.119410
1381 0.112337
1382 0.109304
1383 0.115968
1384 0.111855
1385 0.107538
1386 0.123904
1387 0.102598
1388 0.115789
1389 0.116394
1390 0.117388
1391 0.105477
1392 0.128056
1393 0.124534
1394 0.123515
1395 0.123134
1396 0.133549
1397 0.124910
1398 0.134470
1399 0.137275
1400 0.111369
1401 0.129789
1402 0.132637
1403 0.126091
1404 0.125919
1405 0.124039
1406 0.118050
1407 0.119849
1408 0.124935
1409 0.129633
1410 0.145229
1411 0.133758
1412 0.115958
1413 0.138587
1414 0.130660
1415 0.143132
1416 0.096966
1417 0.113066
1418 0.094888
1419 0.117329
1420 0.112328
1421 0.108066
1422 0.104128
1423 0.097084
1424 0.116935
1425 0.110119
1426 0.122649
1427 0.108684
1428 0.120281
1429 0.114744
1430 0.114259
1431 0.113456
1432 0.118476
1433 0.102849
1434 0.118196
1435 0.109025
1436 0.113088
1437 0.101148
1438 0.116147
1439 0.111074
1440 0.125422
1441 0.114620
1442 0.095060
1443 0.119208
1444 0.132992
1445 0.119879
1446 0.109996
1447 0.131093
1448 0.131190
1449 0.107900
1450 0.130564
1451 0.128461
1452 0.136936
1453 0.116453
1454 0.124151
1455 0.123179
1456 0.124562
1457 0.121950
1458 0.104181
1459 0.127315
1460 0.120374
1461 0.114902
1462 0.113038
1463 0.116470
1464 0.112441
1465 0.111519
1466 0.110927
1467 0.101966
1468 0.110444
1469 0.094319
1470 0.104453
1471 0.114988
1472 0.109600
1473 0.115640
1474 0.125093
1475 0.117110
1476 0.123545
1477 0.115498
1478 0.119872
1479 0.122295
1480 0.115752
1481 0.114675
1482 0.112922
1483 0.119049
1484 0.109228
1485 0.105450
1486 0.109052
1487 0.127088
1488 0.121916
1489 0.121708
1490 0.121164
1491 0.124598
1492 0.115658
1493 0.116004
1494 0.119242
1495 0.113602
1496 0.126227
1497 0.083318
1498 0.106835
1499 0.020947
1500 0.079357
1501 0.101132
1502 0.078022
1503 0.090466
1504 0.104580
1505 0.103977
1506 0.084689
1507 0.100712
1508 0.102858
1509 0.097854
1510 0.101626
1511 0.090733
1512 0.111048
1513 0.107992
1514 0.111471
1515 0.101102
1516 0.106692
1517 0.109004
1518 0.109546
1519 0.099700
1520 0.107295
1521 0.103935
1522 0.116633
1523 0.112625
1524 0.112060
1525 0.109964
1526 0.115360
1527 0.110233
1528 0.114412
1529 0.111180
1530 0.115091
1531 0.118585
1532 0.117872
1533 0.115993
1534 0.117790
1535 0.117134
1536 0.122217
1537 0.118795
1538 0.117708
1539 0.113290
1540 0.113785
1541 0.133060
1542 0.113878
1543 0.120075
1544 0.119315
1545 0.120170
1546 0.121168
1547 0.121277
1548 0.122005
1549 0.117036
1550 0.122805
1551 0.122800
1552 0.115216
1553 0.120361
1554 0.120558
1555 0.122798
1556 0.120333
1557 0.115992
1558 0.125400
1559 0.121583
1560 0.119392
1561 0.101909
1562 0.106380
1563 0.107168
1564 0.104089
1565 0.101654
1566 0.107659
1567 0.103767
1568 0.106973
1569 0.117564
1570 0.113088
1571 0.108029
1572 0.110434
1573 0.109548
1574 0.111060
1575 0.116308
1576 0.123538
1577 0.119255
1578 0.122064
1579 0.107937
1580 0.114686
1581 0.123516
1582 0.119659
1583 0.124189
1584 0.119085
1585 0.120708
1586 0.125655
1587 0.127057
1588 0.128771
1589 0.122902
1590 0.123044
1591 0.128160
1592 0.116553
1593 0.098177
1594 0.100365
1595 0.121608
1596 0.100427
1597 0.117594
1598 0.126328
1599 0.114965
1600 0.119578
1601 0.106401
1602 0.102777
1603 0.110399
1604 0.112995
1605 0.123229
1606 0.113596
1607 0.102811
1608 0.107947
1609 0.117721
1610 0.119429
1611 0.123029
1612 0.113369
1613 0.116449
1614 0.115877
1615 0.109294
1616 0.112671
1617 0.121501
1618 0.121776
1619 0.109952
1620 0.119984
1621 0.118363
1622 0.110724
1623 0.110881
1624 0.117614
1625 0.117056
1626 0.111643
1627 0.122649
1628 0.112767
1629 0.120094
1630 0.118826
1631 0.115641
1632 0.118354
1633 0.116151
1634 0.117481
1635 0.114802
1636 0.122122
1637 0.114483
1638 0.114778
1639 0.122516
1640 0.115850
1641 0.115669
1642 0.127764
1643 0.109928
1644 0.115893
1645 0.112250
1646 0.124057
1647 0.115478
1648 0.113984
1649 0.111720
1650 0.165637
1651 0.097748
1652 0.120182
1653 0.112583
1654 0.111614
1655 0.110933
1656 0.112629
1657 0.108965
1658 0.110348
1659 0.112762
1660 0.116471
1661 0.110731
1662 0.116810
1663 0.123153
1664 0.099300
1665 0.113368
1666 0.108501
1667 0.106599
1668 0.107356
1669 0.103520
1670 0.107179
1671 0.106110
1672 0.100606
1673 0.105866
1674 0.110812
1675 0.104258
1676 0.110713
1677 0.099051
1678 0.122516
1679 0.120029
1680 0.112135
1681 0.123643
1682 0.120076
1683 0.112894
1684 0.122101
1685 0.121274
1686 0.116187
1687 0.114390
1688 0.111131
1689 0.115358
1690 0.126848
1691 0.114890
1692 0.114301
1693 0.101108
1694 0.105666
1695 0.114431
1696 0.120648
1697 0.119229
1698 0.099978
1699 0.108387
1700 0.120266
1701 0.123293
1702 0.122469
1703 0.118663
1704 0.121740
1705 0.113538
1706 0.108229
1707 0.120950
1708 0.110924
1709 0.114933
1710 0.121007
1711 0.113978
1712 0.110762
1713 0.110972
1714 0.107474
1715 0.110939
1716 0.096243
1717 0.111231
1718 0.118173
1719 0.104686
1720 0.111258
1721 0.109109
1722 0.106364
1723 0.111673
1724 0.112132
1725 0.115877
1726 0.109062
1727 0.112600
1728 0.102754
1729 0.110971
1730 0.118673
1731 0.110542
1732 0.116138
1733 0.106851
1734 0.113869
1735 0.111823
1736 0.118118
1737 0.119205
1738 0.122998
1739 0.116920
1740 0.121866
1741 0.112441
1742 0.120318
1743 0.118699
1744 0.104875
1745 0.107294
1746 0.105142
1747 0.099391
1748 0.106426
1749 0.105926
1750 0.112342
1751 0.105089
1752 0.106876
1753 0.110011
1754 0.112278
1755 0.107933
1756 0.100474
1757 0.107595
1758 0.111032
1759 0.105346
1760 0.089946
1761 0.082274
1762 0.091842
1763 0.100295
1764 0.101627
1765 0.092178
1766 0.100364
1767 0.117042
1768 0.108297
1769 0.116263
1770 0.118851
1771 0.110781
1772 0.115249
1773 0.118247
1774 0.092980
1775 0.123191
1776 0.116103
1777 0.037729
1778 0.119967
1779 0.116914
1780 0.116939
1781 0.115173
1782 0.115049
1783 0.101833
1784 0.116500
1785 0.124238
1786 0.117073
1787 0.115593
1788 0.118167
1789 0.121870
1790 0.122280
1791 0.109187
1792 0.116718
1793 0.106033
1794 0.115766
1795 0.113623
1796 0.107202
1797 0.118598
1798 0.125123
1799 0.121696
1800 0.107418
1801 0.098808
1802 0.107520
1803 0.113671
1804 0.119257
1805 0.113899
1806 0.106623
1807 0.117241
1808 0.103361
1809 0.103906
1810 0.112357
1811 0.102770
1812 0.111905
1813 0.104719
1814 0.109386
1815 0.107363
1816 0.108335
1817 0.110423
1818 0.115886
1819 0.105191
1820 0.113059
1821 0.103894
1822 0.110125
1823 0.113860
1824 0.114031
1825 0.113371
1826 0.117369
1827 0.115840
1828 0.109176
1829 0.121014
1830 0.122311
1831 0.116934
1832 0.100158
1833 0.098852
1834 0.106658
1835 0.106445
1836 0.108566
1837 0.102962
1838 0.106674
1839 0.114306
1840 0.099636
1841 0.087225
1842 0.090410
1843 0.090783
1844 0.086347
1845 0.100045
1846 0.095177
1847 0.098745
1848 0.090838
1849 0.090298
1850 0.107349
1851 0.095216
1852 0.098104
1853 0.083601
1854 0.101384
1855 0.084489
1856 0.100104
1857 0.102918
1858 0.102933
1859 0.106190
1860 0.109469
1861 0.108967
1862 0.119078
1863 0.118648
1864 0.102338
1865 0.098942
1866 0.105587
1867 0.109439
1868 0.112547
1869 0.106846
1870 0.106397
1871 0.111841
1872 0.103807
1873 0.106246
1874 0.101553
1875 0.104508
1876 0.111039
1877 0.114441
1878 0.105509
1879 0.109381
1880 0.109821
1881 0.101024
1882 0.102815
1883 0.111802
1884 0.111107
1885 0.104716
1886 0.107512
1887 0.109209
1888 0.111049
1889 0.104926
1890 0.107450
1891 0.113864
1892 0.110315
1893 0.108228
1894 0.111681
1895 0.107985
1896 0.113061
1897 0.106326
1898 0.106071
1899 0.115075
1900 0.113380
1901 0.107328
1902 0.112892
1903 0.116192
1904 0.102719
1905 0.107207
1906 0.111006
1907 0.102741
1908 0.111549
1909 0.098597
1910 0.111369
1911 0.112423
1912 0.111740
1913 0.092964
1914 0.095009
1915 0.096898
1916 0.101684
1917 0.095776
1918 0.097801
1919 0.084921
1920 0.105171
1921 0.106319
1922 0.107749
1923 0.104771
1924 0.106495
1925 0.103501
1926 0.097625
1927 0.104913
1928 0.093133
1929 0.091397
1930 0.097694
1931 0.104068
1932 0.107365
1933 0.106264
1934 0.105189
1935 0.101113
1936 0.097999
1937 0.092710
1938 0.094263
1939 0.096848
1940 0.101442
1941 0.106120
1942 0.106287
1943 0.105100
1944 0.105894
1945 0.096180
1946 0.104501
1947 0.099548
1948 0.107870
1949 0.097240
1950 0.105831
1951 0.103728
