0 -261.000000 93.530000 0.114791 0.007460
1 -243.000000 93.530000 0.093622 0.005182
2 -225.000000 93.530000 0.097167 0.004034
3 -252.000000 109.120000 0.105172 0.006663
4 -234.000000 109.120000 0.104724 0.005059
5 -261.000000 124.710000 0.089000 0.007626
6 -243.000000 124.710000 0.101628 0.006075
7 -225.000000 124.710000 0.109357 0.004844
8 -216.000000 77.940000 0.092563 0.003366
9 -198.000000 77.940000 0.113020 0.002966
10 -180.000000 77.940000 0.104491 0.002315
11 -207.000000 93.530000 0.101684 0.003322
12 -189.000000 93.530000 0.108993 0.002761
13 -216.000000 109.120000 0.104184 0.003919
14 -198.000000 109.120000 0.098581 0.003075
15 -180.000000 109.120000 0.108457 0.002615
16 -171.000000 62.350000 0.115450 0.002148
17 -153.000000 62.350000 0.123980 0.001857
18 -135.000000 62.350000 0.116579 0.001528
19 -162.000000 77.940000 0.118635 0.002055
20 -144.000000 77.940000 0.126354 0.001783
21 -171.000000 93.530000 0.113889 0.002296
22 -153.000000 93.530000 0.108447 0.001885
23 -135.000000 93.530000 0.121104 0.001668
24 -126.000000 46.770000 0.122088 0.001416
25 -108.000000 46.770000 0.121139 0.001236
26 -90.000000 46.770000 0.122333 0.001165
27 -117.000000 62.350000 0.129520 0.001384
28 -99.000000 62.350000 0.115669 0.001181
29 -126.000000 77.940000 0.127106 0.001518
30 -108.000000 77.940000 0.127888 0.001333
31 -90.000000 77.940000 0.125287 0.001217
32 -81.000000 31.180000 0.102953 0.001115
33 -63.000000 31.180000 0.127985 0.001937
34 -45.000000 31.180000 0.113259 0.011944
35 -72.000000 46.770000 0.108953 0.001257
36 -54.000000 46.770000 0.124607 0.002989
37 -81.000000 62.350000 0.132144 0.001226
38 -63.000000 62.350000 0.124096 0.001460
39 -45.000000 62.350000 0.127260 0.004150
40 -36.000000 15.590000 -1.000000 -0.010000
41 -18.000000 15.590000 -1.000000 -0.010000
42 0.000000 15.590000 -1.000000 -0.010000
43 -27.000000 31.180000 -1.000000 -0.010000
44 -9.000000 31.180000 -1.000000 -0.010000
45 -36.000000 46.770000 -1.000000 -0.010000
46 -18.000000 46.770000 -1.000000 -0.010000
47 0.000000 46.770000 -1.000000 -0.010000
48 9.000000 0.000000 -1.000000 -0.010000
49 27.000000 0.000000 -1.000000 -0.010000
50 45.000000 0.000000 -1.000000 -0.010000
51 18.000000 15.590000 -1.000000 -0.010000
52 36.000000 15.590000 -1.000000 -0.010000
53 9.000000 31.180000 -1.000000 -0.010000
54 27.000000 31.180000 -1.000000 -0.010000
55 45.000000 31.180000 -1.000000 -0.010000
56 54.000000 -15.590000 0.080724 0.018001
57 72.000000 -15.590000 0.125376 0.010882
58 90.000000 -15.590000 0.077057 0.005806
59 63.000000 0.000000 0.119114 0.021740
60 81.000000 0.000000 0.105394 0.009396
61 54.000000 15.590000 -1.000000 -0.010000
62 72.000000 15.590000 0.109577 0.015389
63 90.000000 15.590000 0.101484 0.007908
64 99.000000 -31.180000 0.089219 0.004585
65 117.000000 -31.180000 0.089476 0.003554
66 135.000000 -31.180000 0.090366 0.002891
67 108.000000 -15.590000 0.101120 0.004886
68 126.000000 -15.590000 0.082841 0.003424
69 99.000000 0.000000 0.099759 0.006061
70 117.000000 0.000000 0.084536 0.004265
71 135.000000 0.000000 0.098231 0.003550
72 144.000000 -46.770000 0.111690 0.002562
73 162.000000 -46.770000 0.123675 0.002283
74 180.000000 -46.770000 0.116498 0.001911
75 153.000000 -31.180000 0.111382 0.002621
76 171.000000 -31.180000 0.116534 0.002239
77 144.000000 -15.590000 0.087351 0.002841
78 162.000000 -15.590000 0.098564 0.002462
79 180.000000 -15.590000 0.113449 0.002180
80 189.000000 -62.350000 0.105164 0.001625
81 207.000000 -62.350000 0.112290 0.001503
82 225.000000 -62.350000 0.116923 0.001402
83 198.000000 -46.770000 0.103970 0.001629
84 216.000000 -46.770000 0.121434 0.001548
85 189.000000 -31.180000 0.115350 0.001933
86 207.000000 -31.180000 0.117111 0.001699
87 225.000000 -31.180000 0.109239 0.001468
88 234.000000 -77.940000 0.103133 0.001255
89 252.000000 -77.940000 0.112230 0.001281
90 270.000000 -77.940000 0.110691 0.001307
91 243.000000 -62.350000 0.094301 0.001197
92 261.000000 -62.350000 0.109918 0.001251
93 234.000000 -46.770000 0.108037 0.001347
94 252.000000 -46.770000 0.114831 0.001289
95 270.000000 -46.770000 0.116445 0.001270
96 -252.000000 140.300000 0.096391 0.007506
97 -234.000000 140.300000 0.114516 0.006048
98 -216.000000 140.300000 0.115188 0.004747
99 -243.000000 155.880000 0.100010 0.007281
100 -225.000000 155.880000 0.093633 0.005469
101 -252.000000 171.470000 0.091550 0.010755
102 -234.000000 171.470000 0.108424 0.007434
103 -216.000000 171.470000 0.110012 0.005729
104 -207.000000 124.710000 0.102766 0.003733
105 -189.000000 124.710000 0.109116 0.003082
106 -171.000000 124.710000 0.120128 0.002644
107 -198.000000 140.300000 0.111856 0.003746
108 -180.000000 140.300000 0.116488 0.003093
109 -207.000000 155.880000 0.105168 0.004402
110 -189.000000 155.880000 0.109050 0.003628
111 -171.000000 155.880000 0.098514 0.002807
112 -162.000000 109.120000 0.110835 0.002190
113 -144.000000 109.120000 0.117191 0.001887
114 -126.000000 109.120000 0.117895 0.001613
115 -153.000000 124.710000 0.115346 0.002153
116 -135.000000 124.710000 0.119065 0.001856
117 -162.000000 140.300000 0.114831 0.002531
118 -144.000000 140.300000 0.114797 0.002138
119 -126.000000 140.300000 0.111753 0.001791
120 -117.000000 93.530000 0.116744 0.001422
121 -99.000000 93.530000 0.107662 0.001224
122 -81.000000 93.530000 0.124983 0.001226
123 -108.000000 109.120000 0.120395 0.001428
124 -90.000000 109.120000 0.123069 0.001304
125 -117.000000 124.710000 0.111877 0.001567
126 -99.000000 124.710000 0.115511 0.001399
127 -81.000000 124.710000 0.114617 0.001279
128 -72.000000 77.940000 0.129720 0.001245
129 -54.000000 77.940000 0.139560 0.001614
130 -36.000000 77.940000 0.124484 0.003764
131 -63.000000 93.530000 0.145102 0.001334
132 -45.000000 93.530000 0.135591 0.001553
133 -72.000000 109.120000 0.131943 0.001281
134 -54.000000 109.120000 0.140630 0.001335
135 -36.000000 109.120000 0.123129 0.001419
136 -27.000000 62.350000 -1.000000 -0.010000
137 -9.000000 62.350000 -1.000000 -0.010000
138 9.000000 62.350000 -1.000000 -0.010000
139 -18.000000 77.940000 0.102107 0.021852
140 0.000000 77.940000 0.068544 0.023066
141 -27.000000 93.530000 0.112976 0.002833
142 -9.000000 93.530000 0.128682 0.005589
143 9.000000 93.530000 0.095905 0.007389
144 18.000000 46.770000 -1.000000 -0.010000
145 36.000000 46.770000 -1.000000 -0.010000
146 54.000000 46.770000 0.066303 0.019985
147 27.000000 62.350000 -1.000000 -0.010000
148 45.000000 62.350000 0.119644 0.020949
149 18.000000 77.940000 0.133045 0.023549
150 36.000000 77.940000 0.118874 0.014711
151 54.000000 77.940000 0.086124 0.008421
152 63.000000 31.180000 0.080036 0.020935
153 81.000000 31.180000 0.099116 0.009705
154 99.000000 31.180000 0.106024 0.006524
155 72.000000 46.770000 0.084889 0.009929
156 90.000000 46.770000 0.092573 0.006729
157 63.000000 62.350000 0.079926 0.009685
158 81.000000 62.350000 0.082838 0.006640
159 99.000000 62.350000 0.102537 0.005131
160 108.000000 15.590000 0.090789 0.005356
161 126.000000 15.590000 0.109368 0.004320
162 144.000000 15.590000 0.109208 0.003408
163 117.000000 31.180000 0.093112 0.004527
164 135.000000 31.180000 0.106768 0.003739
165 108.000000 46.770000 0.101674 0.005189
166 126.000000 46.770000 0.114253 0.004121
167 144.000000 46.770000 0.111216 0.003264
168 153.000000 0.000000 0.109707 0.002980
169 171.000000 0.000000 0.118414 0.002558
170 189.000000 0.000000 0.117561 0.002126
171 162.000000 15.590000 0.084103 0.002480
172 180.000000 15.590000 0.110628 0.002312
173 153.000000 31.180000 0.105006 0.002983
174 171.000000 31.180000 0.097312 0.002388
175 189.000000 31.180000 0.112512 0.002136
176 198.000000 -15.590000 0.106559 0.001815
177 216.000000 -15.590000 0.105065 0.001573
178 234.000000 -15.590000 0.114752 0.001452
179 207.000000 0.000000 0.119124 0.001842
180 225.000000 0.000000 0.109739 0.001548
181 198.000000 15.590000 0.103747 0.001894
182 216.000000 15.590000 0.114330 0.001711
183 234.000000 15.590000 0.113002 0.001488
184 243.000000 -31.180000 0.112169 0.001348
185 261.000000 -31.180000 0.115507 0.001272
186 279.000000 -31.180000 0.116537 0.001272
187 252.000000 -15.590000 0.112664 0.001313
188 270.000000 -15.590000 0.113753 0.001247
189 243.000000 0.000000 0.129104 0.001486
190 261.000000 0.000000 0.101198 0.001217
191 279.000000 0.000000 0.111033 0.001218
192 -198.000000 171.470000 0.108771 0.004500
193 -180.000000 171.470000 0.107209 0.003518
194 -162.000000 171.470000 0.122008 0.003073
195 -189.000000 187.060000 0.094001 0.004172
196 -171.000000 187.060000 0.095037 0.003329
197 -198.000000 202.650000 0.095808 0.005762
198 -180.000000 202.650000 0.109198 0.004598
199 -162.000000 202.650000 0.095901 0.003413
200 -153.000000 155.880000 0.112595 0.002477
201 -135.000000 155.880000 0.127404 0.002228
202 -117.000000 155.880000 0.108422 0.001778
203 -144.000000 171.470000 0.116390 0.002510
204 -126.000000 171.470000 0.119144 0.002182
205 -153.000000 187.060000 0.117533 0.003072
206 -135.000000 187.060000 0.121134 0.002585
207 -117.000000 187.060000 0.114596 0.002163
208 -108.000000 140.300000 0.120238 0.001625
209 -90.000000 140.300000 0.122149 0.001452
210 -72.000000 140.300000 0.124466 0.001364
211 -99.000000 155.880000 0.120820 0.001648
212 -81.000000 155.880000 0.121175 0.001488
213 -108.000000 171.470000 0.118352 0.001862
214 -90.000000 171.470000 0.127480 0.001717
215 -72.000000 171.470000 0.113682 0.001492
216 -63.000000 124.710000 0.130777 0.001311
217 -45.000000 124.710000 0.127688 0.001307
218 -27.000000 124.710000 0.133762 0.001411
219 -54.000000 140.300000 0.132581 0.001361
220 -36.000000 140.300000 0.131153 0.001351
221 -63.000000 155.880000 0.122812 0.001402
222 -45.000000 155.880000 0.121493 0.001365
223 -27.000000 155.880000 0.130448 0.001387
224 -18.000000 109.120000 0.107206 0.001910
225 0.000000 109.120000 0.119906 0.003170
226 18.000000 109.120000 0.115996 0.003711
227 -9.000000 124.710000 0.101117 0.001478
228 9.000000 124.710000 0.121556 0.002097
229 -18.000000 140.300000 0.094472 0.001192
230 0.000000 140.300000 0.094583 0.001286
231 18.000000 140.300000 0.119417 0.001614
232 27.000000 93.530000 0.104170 0.007253
233 45.000000 93.530000 0.106585 0.006175
234 63.000000 93.530000 0.105452 0.005066
235 36.000000 109.120000 0.105162 0.003821
236 54.000000 109.120000 0.114559 0.003831
237 27.000000 124.710000 0.112023 0.002419
238 45.000000 124.710000 0.110800 0.002593
239 63.000000 124.710000 0.119948 0.002677
240 72.000000 77.940000 0.098696 0.006459
241 90.000000 77.940000 0.110092 0.005073
242 108.000000 77.940000 0.110197 0.004067
243 81.000000 93.530000 0.118241 0.004489
244 99.000000 93.530000 0.119707 0.003734
245 72.000000 109.120000 0.121280 0.003592
246 90.000000 109.120000 0.115731 0.003145
247 108.000000 109.120000 0.117585 0.002798
248 117.000000 62.350000 0.105956 0.004091
249 135.000000 62.350000 0.112426 0.003337
250 153.000000 62.350000 0.116069 0.002808
251 126.000000 77.940000 0.113020 0.003262
252 144.000000 77.940000 0.114670 0.002784
253 117.000000 93.530000 0.117981 0.003119
254 135.000000 93.530000 0.103914 0.002546
255 153.000000 93.530000 0.106174 0.002242
256 162.000000 46.770000 0.103212 0.002611
257 180.000000 46.770000 0.110712 0.002240
258 198.000000 46.770000 0.102931 0.001860
259 171.000000 62.350000 0.117508 0.002380
260 189.000000 62.350000 0.107643 0.001972
261 162.000000 77.940000 0.122807 0.002438
262 180.000000 77.940000 0.115534 0.002060
263 198.000000 77.940000 0.115739 0.001801
264 207.000000 31.180000 0.112998 0.001820
265 225.000000 31.180000 0.110183 0.001572
266 243.000000 31.180000 0.112016 0.001399
267 216.000000 46.770000 0.106728 0.001630
268 234.000000 46.770000 0.110408 0.001460
269 207.000000 62.350000 0.097669 0.001626
270 225.000000 62.350000 0.109844 0.001505
271 243.000000 62.350000 0.117687 0.001392
272 252.000000 15.590000 0.114318 0.001337
273 270.000000 15.590000 0.110771 0.001237
274 288.000000 15.590000 0.116394 0.001265
275 261.000000 31.180000 0.119657 0.001322
276 279.000000 31.180000 0.119342 0.001255
277 252.000000 46.770000 0.120747 0.001367
278 270.000000 46.770000 0.110146 0.001229
279 288.000000 46.770000 0.116942 0.001281
280 -189.000000 218.240000 0.110173 0.006402
281 -171.000000 218.240000 0.106357 0.004854
282 -153.000000 218.240000 0.119162 0.004071
283 -180.000000 233.830000 0.100779 0.006646
284 -162.000000 233.830000 0.118638 0.005512
285 -189.000000 249.420000 0.084162 0.009853
286 -171.000000 249.420000 0.111736 0.008475
287 -153.000000 249.420000 0.108736 0.006036
288 -144.000000 202.650000 0.107309 0.003009
289 -126.000000 202.650000 0.121244 0.002630
290 -108.000000 202.650000 0.105095 0.002123
291 -135.000000 218.240000 0.104763 0.003123
292 -117.000000 218.240000 0.114503 0.002705
293 -144.000000 233.830000 0.101302 0.004022
294 -126.000000 233.830000 0.114487 0.003500
295 -108.000000 233.830000 0.132127 0.003048
296 -99.000000 187.060000 0.127623 0.001985
297 -81.000000 187.060000 0.115144 0.001689
298 -63.000000 187.060000 0.114068 0.001546
299 -90.000000 202.650000 0.128737 0.002044
300 -72.000000 202.650000 0.110834 0.001715
301 -99.000000 218.240000 0.118236 0.002342
302 -81.000000 218.240000 0.114827 0.002047
303 -63.000000 218.240000 0.115267 0.001832
304 -54.000000 171.470000 0.120969 0.001440
305 -36.000000 171.470000 0.117013 0.001388
306 -18.000000 171.470000 0.120147 0.001397
307 -45.000000 187.060000 0.122319 0.001507
308 -27.000000 187.060000 0.121029 0.001463
309 -54.000000 202.650000 0.125939 0.001667
310 -36.000000 202.650000 0.121677 0.001540
311 -18.000000 202.650000 0.121442 0.001499
312 -9.000000 155.880000 0.122612 0.001357
313 9.000000 155.880000 0.120206 0.001381
314 27.000000 155.880000 0.125296 0.001474
315 0.000000 171.470000 0.111617 0.001347
316 18.000000 171.470000 0.122069 0.001398
317 -9.000000 187.060000 0.103038 0.001361
318 9.000000 187.060000 0.119631 0.001465
319 27.000000 187.060000 0.109797 0.001405
320 36.000000 140.300000 0.128413 0.001904
321 54.000000 140.300000 0.117465 0.001974
322 72.000000 140.300000 0.121172 0.002042
323 45.000000 155.880000 0.121224 0.001552
324 63.000000 155.880000 0.095608 0.001473
325 36.000000 171.470000 0.118059 0.001394
326 54.000000 171.470000 0.118980 0.001428
327 72.000000 171.470000 0.102980 0.001367
328 81.000000 124.710000 0.100302 0.002378
329 99.000000 124.710000 0.104299 0.002254
330 117.000000 124.710000 0.118059 0.002209
331 90.000000 140.300000 0.096206 0.001826
332 108.000000 140.300000 0.114254 0.001889
333 81.000000 155.880000 0.090466 0.001489
334 99.000000 155.880000 0.082117 0.001421
335 117.000000 155.880000 0.106041 0.001555
336 126.000000 109.120000 0.109342 0.002394
337 144.000000 109.120000 0.104794 0.002087
338 162.000000 109.120000 0.110905 0.001920
339 135.000000 124.710000 0.105704 0.001929
340 153.000000 124.710000 0.106620 0.001774
341 126.000000 140.300000 0.110388 0.001768
342 144.000000 140.300000 0.108958 0.001664
343 162.000000 140.300000 0.107698 0.001549
344 171.000000 93.530000 0.112012 0.002008
345 189.000000 93.530000 0.117164 0.001805
346 207.000000 93.530000 0.100038 0.001495
347 180.000000 109.120000 0.116761 0.001764
348 198.000000 109.120000 0.109480 0.001548
349 171.000000 124.710000 0.106222 0.001636
350 189.000000 124.710000 0.114650 0.001548
351 207.000000 124.710000 0.108767 0.001406
352 216.000000 77.940000 0.110779 0.001561
353 234.000000 77.940000 0.108574 0.001385
354 252.000000 77.940000 0.104876 0.001258
355 225.000000 93.530000 0.101559 0.001360
356 243.000000 93.530000 0.104582 0.001276
357 216.000000 109.120000 0.098673 0.001349
358 234.000000 109.120000 0.107216 0.001297
359 252.000000 109.120000 0.108648 0.001250
360 261.000000 62.350000 0.111757 0.001267
361 279.000000 62.350000 0.103017 0.001188
362 297.000000 62.350000 0.108438 0.001361
363 270.000000 77.940000 0.117874 0.001265
364 288.000000 77.940000 0.112881 0.001311
365 261.000000 93.530000 0.114044 0.001260
366 279.000000 93.530000 0.110313 0.001272
367 297.000000 93.530000 0.108403 0.001533
368 -135.000000 249.420000 0.074563 0.003915
369 -117.000000 249.420000 0.118501 0.003933
370 -99.000000 249.420000 0.118712 0.003303
371 -126.000000 265.000000 0.111381 0.005494
372 -108.000000 265.000000 0.116447 0.004535
373 -135.000000 280.590000 0.096769 0.008585
374 -117.000000 280.590000 0.103033 0.006615
375 -99.000000 280.590000 0.098544 0.005113
376 -90.000000 233.830000 0.124464 0.002559
377 -72.000000 233.830000 0.115743 0.002170
378 -54.000000 233.830000 0.110065 0.001893
379 -81.000000 249.420000 0.123578 0.002791
380 -63.000000 249.420000 0.127591 0.002483
381 -90.000000 265.000000 0.114013 0.003632
382 -72.000000 265.000000 0.109607 0.003053
383 -54.000000 265.000000 0.115543 0.002710
384 -45.000000 218.240000 0.122440 0.001737
385 -27.000000 218.240000 0.126907 0.001640
386 -9.000000 218.240000 0.120553 0.001540
387 -36.000000 233.830000 0.114278 0.001750
388 -18.000000 233.830000 0.122547 0.001685
389 -45.000000 249.420000 0.094095 0.001942
390 -27.000000 249.420000 0.112376 0.001914
391 -9.000000 249.420000 0.125331 0.001838
392 0.000000 202.650000 0.109447 0.001432
393 18.000000 202.650000 0.109302 0.001434
394 36.000000 202.650000 0.110287 0.001446
395 9.000000 218.240000 0.108064 0.001451
396 27.000000 218.240000 0.111370 0.001472
397 0.000000 233.830000 0.121519 0.001586
398 18.000000 233.830000 0.114631 0.001490
399 36.000000 233.830000 0.115606 0.001462
400 45.000000 187.060000 0.105751 0.001378
401 63.000000 187.060000 0.107314 0.001396
402 81.000000 187.060000 0.123429 0.001492
403 54.000000 202.650000 0.110908 0.001463
404 72.000000 202.650000 0.120983 0.001507
405 45.000000 218.240000 0.109665 0.001481
406 63.000000 218.240000 0.108469 0.001466
407 81.000000 218.240000 0.117686 0.001515
408 90.000000 171.470000 0.090456 0.001308
409 108.000000 171.470000 0.095101 0.001352
410 126.000000 171.470000 0.094750 0.001345
411 99.000000 187.060000 0.095963 0.001339
412 117.000000 187.060000 0.105043 0.001389
413 90.000000 202.650000 0.091472 0.001321
414 108.000000 202.650000 0.095004 0.001337
415 126.000000 202.650000 0.104828 0.001391
416 135.000000 155.880000 0.107379 0.001518
417 153.000000 155.880000 0.112371 0.001477
418 171.000000 155.880000 0.108988 0.001413
419 144.000000 171.470000 0.107938 0.001410
420 162.000000 171.470000 0.109711 0.001396
421 135.000000 187.060000 0.110566 0.001427
422 153.000000 187.060000 0.108621 0.001392
423 171.000000 187.060000 0.109197 0.001380
424 180.000000 140.300000 0.107264 0.001448
425 198.000000 140.300000 0.108657 0.001378
426 216.000000 140.300000 0.114369 0.001348
427 189.000000 155.880000 0.111337 0.001379
428 207.000000 155.880000 0.106617 0.001321
429 180.000000 171.470000 0.109828 0.001379
430 198.000000 171.470000 0.109109 0.001341
431 216.000000 171.470000 0.108295 0.001312
432 225.000000 124.710000 0.114533 0.001338
433 243.000000 124.710000 0.109150 0.001272
434 261.000000 124.710000 0.116870 0.001310
435 234.000000 140.300000 0.105367 0.001269
436 252.000000 140.300000 0.113979 0.001304
437 225.000000 155.880000 0.107613 0.001299
438 243.000000 155.880000 0.110016 0.001299
439 261.000000 155.880000 0.114465 0.001413
440 -36.000000 265.000000 0.119803 0.002413
441 -18.000000 265.000000 0.118937 0.002193
442 0.000000 265.000000 0.117964 0.002037
443 -27.000000 280.590000 0.125221 0.002934
444 -9.000000 280.590000 0.118359 0.002595
445 -36.000000 296.180000 0.110126 0.004236
446 -18.000000 296.180000 0.120355 0.003896
447 0.000000 296.180000 0.107325 0.003353
448 9.000000 249.420000 0.124776 0.001713
449 27.000000 249.420000 0.124473 0.001623
450 45.000000 249.420000 0.118158 0.001525
451 18.000000 265.000000 0.118665 0.001908
452 36.000000 265.000000 0.118098 0.001809
453 9.000000 280.590000 0.119981 0.002427
454 27.000000 280.590000 0.108177 0.002193
455 45.000000 280.590000 0.112079 0.002155
456 54.000000 233.830000 0.093821 0.001328
457 72.000000 233.830000 0.089994 0.001287
458 90.000000 233.830000 0.093093 0.001290
459 63.000000 249.420000 0.101332 0.001386
460 81.000000 249.420000 0.089365 0.001296
461 54.000000 265.000000 0.115648 0.001732
462 72.000000 265.000000 0.111441 0.001659
463 90.000000 265.000000 0.099425 0.001574
464 99.000000 218.240000 0.095478 0.001364
465 117.000000 218.240000 0.092090 0.001318
466 135.000000 218.240000 0.101995 0.001356
467 108.000000 233.830000 0.101236 0.001331
468 126.000000 233.830000 0.103181 0.001330
469 99.000000 249.420000 0.111836 0.001427
470 117.000000 249.420000 0.115039 0.001449
471 135.000000 249.420000 0.112167 0.001483
472 144.000000 202.650000 0.091647 0.001300
473 162.000000 202.650000 0.098725 0.001323
474 180.000000 202.650000 0.104857 0.001331
475 153.000000 218.240000 0.103534 0.001331
476 171.000000 218.240000 0.113424 0.001369
477 144.000000 233.830000 0.094930 0.001273
478 162.000000 233.830000 0.113980 0.001412
479 180.000000 233.830000 0.113303 0.001497
480 189.000000 187.060000 0.101829 0.001305
481 207.000000 187.060000 0.117732 0.001370
482 225.000000 187.060000 0.118398 0.001376
483 198.000000 202.650000 0.110283 0.001341
484 216.000000 202.650000 0.119963 0.001424
485 189.000000 218.240000 0.112989 0.001378
486 207.000000 218.240000 0.111093 0.001477
487 225.000000 218.240000 0.116492 0.001956
488 -270.000000 46.770000 0.083611 0.007517
489 -252.000000 46.770000 0.083985 0.005022
490 -234.000000 46.770000 0.114261 0.004379
491 -261.000000 62.350000 0.105897 0.006699
492 -243.000000 62.350000 0.106137 0.004946
493 -270.000000 77.940000 0.091795 0.007841
494 -252.000000 77.940000 0.101286 0.005785
495 -234.000000 77.940000 0.103718 0.004588
496 -225.000000 31.180000 0.105830 0.003725
497 -207.000000 31.180000 0.117258 0.003133
498 -189.000000 31.180000 0.112934 0.002475
499 -216.000000 46.770000 0.103025 0.003359
500 -198.000000 46.770000 0.116866 0.002881
501 -225.000000 62.350000 0.100906 0.003774
502 -207.000000 62.350000 0.119867 0.003329
503 -189.000000 62.350000 0.117466 0.002640
504 -180.000000 15.590000 0.116150 0.002278
505 -162.000000 15.590000 0.117457 0.001925
506 -144.000000 15.590000 0.128138 0.001677
507 -171.000000 31.180000 0.108063 0.002020
508 -153.000000 31.180000 0.117699 0.001750
509 -180.000000 46.770000 0.115106 0.002308
510 -162.000000 46.770000 0.115472 0.001923
511 -144.000000 46.770000 0.123971 0.001671
512 -135.000000 0.000000 0.101609 0.001407
513 -117.000000 0.000000 0.126293 0.001344
514 -99.000000 0.000000 0.127471 0.001206
515 -126.000000 15.590000 0.126799 0.001413
516 -108.000000 15.590000 0.122669 0.001230
517 -135.000000 31.180000 0.121084 0.001509
518 -117.000000 31.180000 0.108870 0.001239
519 -99.000000 31.180000 0.127618 0.001198
520 -90.000000 -15.590000 0.118152 0.001155
521 -72.000000 -15.590000 0.111137 0.001213
522 -54.000000 -15.590000 0.111848 0.002168
523 -81.000000 0.000000 0.119049 0.001180
524 -63.000000 0.000000 0.111752 0.001690
525 -90.000000 15.590000 0.115937 0.001134
526 -72.000000 15.590000 0.120006 0.001381
527 -54.000000 15.590000 0.119090 0.004064
528 -45.000000 -31.180000 0.125357 0.002560
529 -27.000000 -31.180000 0.111730 0.024305
530 -9.000000 -31.180000 -1.000000 -0.010000
531 -36.000000 -15.590000 0.080396 0.024926
532 -18.000000 -15.590000 -1.000000 -0.010000
533 -45.000000 0.000000 0.114598 0.009459
534 -27.000000 0.000000 -1.000000 -0.010000
535 -9.000000 0.000000 -1.000000 -0.010000
536 0.000000 -46.770000 0.126007 0.020823
537 18.000000 -46.770000 0.108320 0.017539
538 36.000000 -46.770000 0.131766 0.012359
539 9.000000 -31.180000 -1.000000 -0.010000
540 27.000000 -31.180000 -1.000000 -0.010000
541 0.000000 -15.590000 -1.000000 -0.010000
542 18.000000 -15.590000 -1.000000 -0.010000
543 36.000000 -15.590000 -1.000000 -0.010000
544 45.000000 -62.350000 0.113916 0.005110
545 63.000000 -62.350000 0.091169 0.004001
546 81.000000 -62.350000 0.112757 0.003722
547 54.000000 -46.770000 0.112884 0.007949
548 72.000000 -46.770000 0.091380 0.005332
549 45.000000 -31.180000 0.088417 0.016671
550 63.000000 -31.180000 0.098987 0.009516
551 81.000000 -31.180000 0.093434 0.006400
552 90.000000 -77.940000 0.119601 0.002658
553 108.000000 -77.940000 0.121780 0.002418
554 126.000000 -77.940000 0.123019 0.002211
555 99.000000 -62.350000 0.124434 0.003335
556 117.000000 -62.350000 0.123108 0.002863
557 90.000000 -46.770000 0.108105 0.004472
558 108.000000 -46.770000 0.112004 0.003663
559 126.000000 -46.770000 0.114384 0.003041
560 135.000000 -93.530000 0.105397 0.001727
561 153.000000 -93.530000 0.104418 0.001600
562 171.000000 -93.530000 0.106905 0.001516
563 144.000000 -77.940000 0.114711 0.001965
564 162.000000 -77.940000 0.108931 0.001757
565 135.000000 -62.350000 0.113546 0.002375
566 153.000000 -62.350000 0.108442 0.002052
567 171.000000 -62.350000 0.111127 0.001841
568 180.000000 -109.120000 0.121124 0.001445
569 198.000000 -109.120000 0.109650 0.001351
570 216.000000 -109.120000 0.116598 0.001356
571 189.000000 -93.530000 0.120432 0.001487
572 207.000000 -93.530000 0.104553 0.001320
573 180.000000 -77.940000 0.117608 0.001639
574 198.000000 -77.940000 0.104863 0.001444
575 216.000000 -77.940000 0.105423 0.001333
576 225.000000 -124.710000 0.118245 0.001360
577 243.000000 -124.710000 0.113493 0.001361
578 261.000000 -124.710000 0.131224 0.001660
579 234.000000 -109.120000 0.126496 0.001382
580 252.000000 -109.120000 0.111110 0.001330
581 225.000000 -93.530000 0.117720 0.001343
582 243.000000 -93.530000 0.115713 0.001313
583 261.000000 -93.530000 0.116000 0.001343
584 -279.000000 0.000000 0.095899 0.009229
585 -261.000000 0.000000 0.089981 0.006256
586 -243.000000 0.000000 0.096317 0.004563
587 -270.000000 15.590000 0.088367 0.007343
588 -252.000000 15.590000 0.084217 0.004925
589 -279.000000 31.180000 0.090877 0.008222
590 -261.000000 31.180000 0.093343 0.006048
591 -243.000000 31.180000 0.093052 0.004502
592 -234.000000 -15.590000 0.075256 0.003718
593 -216.000000 -15.590000 0.104127 0.003352
594 -198.000000 -15.590000 0.106409 0.002731
595 -225.000000 0.000000 0.096305 0.003534
596 -207.000000 0.000000 0.105059 0.002977
597 -234.000000 15.590000 0.097396 0.003981
598 -216.000000 15.590000 0.110769 0.003431
599 -198.000000 15.590000 0.103467 0.002639
600 -189.000000 -31.180000 0.117349 0.002679
601 -171.000000 -31.180000 0.125347 0.002286
602 -153.000000 -31.180000 0.123402 0.001889
603 -180.000000 -15.590000 0.108456 0.002288
604 -162.000000 -15.590000 0.121582 0.001985
605 -189.000000 0.000000 0.116366 0.002557
606 -171.000000 0.000000 0.121895 0.002156
607 -153.000000 0.000000 0.127731 0.001838
608 -144.000000 -46.770000 0.126644 0.001813
609 -126.000000 -46.770000 0.112216 0.001478
610 -108.000000 -46.770000 0.120444 0.001349
611 -135.000000 -31.180000 0.092960 0.001420
612 -117.000000 -31.180000 0.125961 0.001402
613 -144.000000 -15.590000 0.111439 0.001608
614 -126.000000 -15.590000 0.124142 0.001443
615 -108.000000 -15.590000 0.115252 0.001239
616 -99.000000 -62.350000 0.114557 0.001304
617 -81.000000 -62.350000 0.121980 0.001241
618 -63.000000 -62.350000 0.120705 0.001217
619 -90.000000 -46.770000 0.126036 0.001253
620 -72.000000 -46.770000 0.118964 0.001195
621 -99.000000 -31.180000 0.111736 0.001190
622 -81.000000 -31.180000 0.119736 0.001171
623 -63.000000 -31.180000 0.118303 0.001312
624 -54.000000 -77.940000 0.126039 0.001262
625 -36.000000 -77.940000 0.112385 0.001250
626 -18.000000 -77.940000 0.112323 0.001466
627 -45.000000 -62.350000 0.112837 0.001282
628 -27.000000 -62.350000 0.110231 0.001760
629 -54.000000 -46.770000 0.114744 0.001309
630 -36.000000 -46.770000 0.112637 0.002255
631 -18.000000 -46.770000 0.105451 0.006003
632 -9.000000 -93.530000 0.106122 0.001298
633 9.000000 -93.530000 0.112140 0.001549
634 27.000000 -93.530000 0.099146 0.001740
635 0.000000 -77.940000 0.119244 0.002118
636 18.000000 -77.940000 0.121614 0.002801
637 -9.000000 -62.350000 0.109236 0.003291
638 9.000000 -62.350000 0.114644 0.004769
639 27.000000 -62.350000 0.108326 0.005346
640 36.000000 -109.120000 0.101982 0.001417
641 54.000000 -109.120000 0.095281 0.001484
642 72.000000 -109.120000 0.104107 0.001615
643 45.000000 -93.530000 0.087788 0.001821
644 63.000000 -93.530000 0.109985 0.002092
645 36.000000 -77.940000 0.097754 0.002770
646 54.000000 -77.940000 0.117001 0.002995
647 72.000000 -77.940000 0.108453 0.002749
648 81.000000 -124.710000 0.102011 0.001374
649 99.000000 -124.710000 0.099277 0.001374
650 117.000000 -124.710000 0.107243 0.001420
651 90.000000 -109.120000 0.122901 0.001749
652 108.000000 -109.120000 0.042322 0.001047
653 81.000000 -93.530000 0.109815 0.002060
654 99.000000 -93.530000 0.104450 0.001938
655 117.000000 -93.530000 0.097068 0.001763
656 126.000000 -140.300000 0.113795 0.001430
657 144.000000 -140.300000 0.117211 0.001439
658 162.000000 -140.300000 0.121832 0.001460
659 135.000000 -124.710000 0.111998 0.001423
660 153.000000 -124.710000 0.110607 0.001398
661 126.000000 -109.120000 0.106636 0.001553
662 144.000000 -109.120000 0.115068 0.001542
663 162.000000 -109.120000 0.109665 0.001440
664 171.000000 -155.880000 0.104938 0.001358
665 189.000000 -155.880000 0.118183 0.001401
666 207.000000 -155.880000 0.119404 0.001406
667 180.000000 -140.300000 0.123484 0.001447
668 198.000000 -140.300000 0.123722 0.001421
669 171.000000 -124.710000 0.119389 0.001437
670 189.000000 -124.710000 0.119834 0.001413
671 207.000000 -124.710000 0.112867 0.001356
672 216.000000 -171.470000 0.116811 0.001571
673 234.000000 -171.470000 0.132331 0.002291
674 252.000000 -171.470000 0.130087 0.005663
675 225.000000 -155.880000 0.107923 0.001404
676 243.000000 -155.880000 0.125587 0.001872
677 216.000000 -140.300000 0.104530 0.001307
678 234.000000 -140.300000 0.109564 0.001361
679 252.000000 -140.300000 0.120300 0.001677
680 -288.000000 -46.770000 0.077590 0.011621
681 -270.000000 -46.770000 0.106571 0.008605
682 -252.000000 -46.770000 0.102986 0.006047
683 -279.000000 -31.180000 0.117998 0.010718
684 -261.000000 -31.180000 0.102727 0.006813
685 -288.000000 -15.590000 0.107292 0.012409
686 -270.000000 -15.590000 0.100712 0.007828
687 -252.000000 -15.590000 0.085429 0.005232
688 -243.000000 -62.350000 0.106960 0.005792
689 -225.000000 -62.350000 0.106834 0.004415
690 -207.000000 -62.350000 0.109470 0.003501
691 -234.000000 -46.770000 0.108552 0.004778
692 -216.000000 -46.770000 0.110235 0.003695
693 -243.000000 -31.180000 0.101319 0.005050
694 -225.000000 -31.180000 0.108395 0.003988
695 -207.000000 -31.180000 0.104079 0.003112
696 -198.000000 -77.940000 0.117928 0.003463
697 -180.000000 -77.940000 0.115278 0.002774
698 -162.000000 -77.940000 0.126170 0.002401
699 -189.000000 -62.350000 0.115846 0.002921
700 -171.000000 -62.350000 0.118983 0.002422
701 -198.000000 -46.770000 0.125886 0.003132
702 -180.000000 -46.770000 0.120794 0.002566
703 -162.000000 -46.770000 0.121695 0.002123
704 -153.000000 -93.530000 0.121371 0.002329
705 -135.000000 -93.530000 0.111230 0.001907
706 -117.000000 -93.530000 0.116920 0.001677
707 -144.000000 -77.940000 0.111415 0.001924
708 -126.000000 -77.940000 0.119329 0.001689
709 -153.000000 -62.350000 0.102207 0.001894
710 -135.000000 -62.350000 0.114212 0.001691
711 -117.000000 -62.350000 0.120295 0.001491
712 -108.000000 -109.120000 0.116319 0.001695
713 -90.000000 -109.120000 0.103315 0.001435
714 -72.000000 -109.120000 0.111092 0.001350
715 -99.000000 -93.530000 0.111297 0.001452
716 -81.000000 -93.530000 0.122642 0.001374
717 -108.000000 -77.940000 0.110751 0.001441
718 -90.000000 -77.940000 0.117196 0.001323
719 -72.000000 -77.940000 0.124035 0.001273
720 -63.000000 -124.710000 0.109645 0.001402
721 -45.000000 -124.710000 0.101941 0.001296
722 -27.000000 -124.710000 0.108271 0.001312
723 -54.000000 -109.120000 0.115848 0.001318
724 -36.000000 -109.120000 0.112987 0.001282
725 -63.000000 -93.530000 0.107434 0.001229
726 -45.000000 -93.530000 0.114356 0.001240
727 -27.000000 -93.530000 0.109248 0.001227
728 -18.000000 -140.300000 0.113655 0.001405
729 0.000000 -140.300000 0.099429 0.001315
730 18.000000 -140.300000 0.090216 0.001245
731 -9.000000 -124.710000 0.107030 0.001283
732 9.000000 -124.710000 0.093572 0.001203
733 -18.000000 -109.120000 0.110297 0.001245
734 0.000000 -109.120000 0.121238 0.001326
735 18.000000 -109.120000 0.108394 0.001346
736 27.000000 -155.880000 0.108741 0.001451
737 45.000000 -155.880000 0.102678 0.001414
738 63.000000 -155.880000 0.110886 0.001469
739 36.000000 -140.300000 0.114108 0.001377
740 54.000000 -140.300000 0.109734 0.001355
741 27.000000 -124.710000 0.113685 0.001319
742 45.000000 -124.710000 0.103326 0.001296
743 63.000000 -124.710000 0.093143 0.001282
744 72.000000 -171.470000 0.103515 0.001422
745 90.000000 -171.470000 0.101700 0.001408
746 108.000000 -171.470000 0.112031 0.001460
747 81.000000 -155.880000 0.110754 0.001459
748 99.000000 -155.880000 0.114750 0.001494
749 72.000000 -140.300000 0.114174 0.001390
750 90.000000 -140.300000 0.104623 0.001353
751 108.000000 -140.300000 0.115193 0.001421
752 117.000000 -187.060000 0.111630 0.001427
753 135.000000 -187.060000 0.112751 0.001416
754 153.000000 -187.060000 0.117341 0.001428
755 126.000000 -171.470000 0.111707 0.001437
756 144.000000 -171.470000 0.111420 0.001413
757 117.000000 -155.880000 0.110255 0.001457
758 135.000000 -155.880000 0.110232 0.001430
759 153.000000 -155.880000 0.118420 0.001454
760 162.000000 -202.650000 0.115271 0.001580
761 180.000000 -202.650000 0.125015 0.001849
762 198.000000 -202.650000 0.123381 0.002512
763 171.000000 -187.060000 0.107993 0.001408
764 189.000000 -187.060000 0.114887 0.001526
765 162.000000 -171.470000 0.106793 0.001357
766 180.000000 -171.470000 0.110890 0.001371
767 198.000000 -171.470000 0.118024 0.001436
768 -297.000000 -93.530000 -1.000000 -0.010000
769 -279.000000 -93.530000 0.110341 0.015288
770 -261.000000 -93.530000 0.094426 0.008571
771 -288.000000 -77.940000 0.087213 0.016182
772 -270.000000 -77.940000 0.095297 0.009526
773 -297.000000 -62.350000 0.129608 0.025462
774 -279.000000 -62.350000 0.117143 0.012537
775 -261.000000 -62.350000 0.105733 0.007820
776 -252.000000 -109.120000 0.108585 0.008842
777 -234.000000 -109.120000 0.107594 0.006224
778 -216.000000 -109.120000 0.112769 0.005104
779 -243.000000 -93.530000 0.095699 0.006380
780 -225.000000 -93.530000 0.115090 0.005142
781 -252.000000 -77.940000 0.107827 0.007060
782 -234.000000 -77.940000 0.102769 0.005325
783 -216.000000 -77.940000 0.111505 0.004176
784 -207.000000 -124.710000 0.118571 0.005078
785 -189.000000 -124.710000 0.117181 0.003960
786 -171.000000 -124.710000 0.112969 0.003206
787 -198.000000 -109.120000 0.116785 0.004006
788 -180.000000 -109.120000 0.123551 0.003337
789 -207.000000 -93.530000 0.108740 0.004003
790 -189.000000 -93.530000 0.122462 0.003395
791 -171.000000 -93.530000 0.121314 0.002771
792 -162.000000 -140.300000 0.116782 0.003224
793 -144.000000 -140.300000 0.122029 0.002736
794 -126.000000 -140.300000 0.112922 0.002276
795 -153.000000 -124.710000 0.118996 0.002686
796 -135.000000 -124.710000 0.122436 0.002332
797 -162.000000 -109.120000 0.125610 0.002794
798 -144.000000 -109.120000 0.117245 0.002279
799 -126.000000 -109.120000 0.116812 0.001949
800 -117.000000 -155.880000 0.117212 0.002367
801 -99.000000 -155.880000 0.111935 0.002029
802 -81.000000 -155.880000 0.087587 0.001621
803 -108.000000 -140.300000 0.118737 0.002031
804 -90.000000 -140.300000 0.106537 0.001704
805 -117.000000 -124.710000 0.105575 0.001892
806 -99.000000 -124.710000 0.112360 0.001697
807 -81.000000 -124.710000 0.105740 0.001491
808 -72.000000 -171.470000 0.105410 0.001828
809 -54.000000 -171.470000 0.099714 0.001627
810 -36.000000 -171.470000 0.102955 0.001539
811 -63.000000 -155.880000 0.108378 0.001618
812 -45.000000 -155.880000 0.106048 0.001498
813 -72.000000 -140.300000 0.102119 0.001515
814 -54.000000 -140.300000 0.101879 0.001403
815 -36.000000 -140.300000 0.109723 0.001400
816 -27.000000 -187.060000 0.113466 0.001693
817 -9.000000 -187.060000 0.116516 0.001608
818 9.000000 -187.060000 0.121479 0.001573
819 -18.000000 -171.470000 0.114107 0.001524
820 0.000000 -171.470000 0.111585 0.001471
821 -27.000000 -155.880000 0.119082 0.001503
822 -9.000000 -155.880000 0.120110 0.001498
823 9.000000 -155.880000 0.110735 0.001460
824 18.000000 -202.650000 0.112291 0.001591
825 36.000000 -202.650000 0.095714 0.001414
826 54.000000 -202.650000 0.095664 0.001388
827 27.000000 -187.060000 0.118640 0.001530
828 45.000000 -187.060000 0.118101 0.001514
829 18.000000 -171.470000 0.095685 0.001376
830 36.000000 -171.470000 0.090968 0.001344
831 54.000000 -171.470000 0.103097 0.001415
832 63.000000 -218.240000 0.122966 0.001713
833 81.000000 -218.240000 0.118805 0.001655
834 99.000000 -218.240000 0.125094 0.001687
835 72.000000 -202.650000 0.122237 0.001528
836 90.000000 -202.650000 0.121492 0.001510
837 63.000000 -187.060000 0.100572 0.001400
838 81.000000 -187.060000 0.111890 0.001461
839 99.000000 -187.060000 0.111524 0.001445
840 108.000000 -233.830000 0.115724 0.002113
841 126.000000 -233.830000 0.114460 0.002330
842 144.000000 -233.830000 0.119081 0.002833
843 117.000000 -218.240000 0.125837 0.001731
844 135.000000 -218.240000 0.124410 0.001811
845 108.000000 -202.650000 0.121973 0.001503
846 126.000000 -202.650000 0.117545 0.001486
847 144.000000 -202.650000 0.122526 0.001544
848 153.000000 -249.420000 0.119371 0.006837
849 171.000000 -249.420000 0.149413 0.028916
850 189.000000 -249.420000 -1.000000 -0.010000
851 162.000000 -233.830000 0.123554 0.004050
852 180.000000 -233.830000 0.123340 0.006280
853 153.000000 -218.240000 0.126950 0.002037
854 171.000000 -218.240000 0.128992 0.002548
855 189.000000 -218.240000 0.116799 0.003937
856 -261.000000 -155.880000 0.099380 0.028020
857 -243.000000 -155.880000 0.065876 0.010775
858 -225.000000 -155.880000 0.078442 0.007509
859 -252.000000 -140.300000 0.086402 0.011894
860 -234.000000 -140.300000 0.123353 0.008957
861 -261.000000 -124.710000 0.088184 0.011888
862 -243.000000 -124.710000 0.103381 0.008253
863 -225.000000 -124.710000 0.100276 0.005999
864 -216.000000 -171.470000 0.104391 0.009178
865 -198.000000 -171.470000 0.118441 0.006959
866 -180.000000 -171.470000 0.113622 0.005227
867 -207.000000 -155.880000 0.113611 0.006513
868 -189.000000 -155.880000 0.098609 0.004746
869 -216.000000 -140.300000 0.109796 0.006259
870 -198.000000 -140.300000 0.131471 0.005275
871 -180.000000 -140.300000 0.100206 0.003702
872 -171.000000 -187.060000 0.123215 0.005691
873 -153.000000 -187.060000 0.118884 0.004557
874 -135.000000 -187.060000 0.114391 0.003600
875 -162.000000 -171.470000 0.116535 0.004247
876 -144.000000 -171.470000 0.125081 0.003478
877 -171.000000 -155.880000 0.114347 0.003957
878 -153.000000 -155.880000 0.118974 0.003332
879 -135.000000 -155.880000 0.121231 0.002794
880 -126.000000 -202.650000 0.122389 0.004053
881 -108.000000 -202.650000 0.118322 0.003361
882 -90.000000 -202.650000 0.121781 0.002878
883 -117.000000 -187.060000 0.125096 0.003114
884 -99.000000 -187.060000 0.130834 0.002770
885 -126.000000 -171.470000 0.115057 0.002819
886 -108.000000 -171.470000 0.111568 0.002402
887 -90.000000 -171.470000 0.120298 0.002172
888 -81.000000 -218.240000 0.093099 0.002876
889 -63.000000 -218.240000 0.104945 0.002634
890 -45.000000 -218.240000 0.116158 0.002445
891 -72.000000 -202.650000 0.110997 0.002428
892 -54.000000 -202.650000 0.114900 0.002186
893 -81.000000 -187.060000 0.102628 0.002163
894 -63.000000 -187.060000 0.112107 0.002004
895 -45.000000 -187.060000 0.108816 0.001791
896 -36.000000 -233.830000 0.116843 0.002825
897 -18.000000 -233.830000 0.109200 0.002491
898 0.000000 -233.830000 0.121217 0.002406
899 -27.000000 -218.240000 0.113639 0.002184
900 -9.000000 -218.240000 0.113081 0.001996
901 -36.000000 -202.650000 0.127223 0.002070
902 -18.000000 -202.650000 0.111599 0.001799
903 0.000000 -202.650000 0.113646 0.001689
904 9.000000 -249.420000 0.112917 0.002918
905 27.000000 -249.420000 0.099282 0.002586
906 45.000000 -249.420000 0.107711 0.002603
907 18.000000 -233.830000 0.112474 0.002173
908 36.000000 -233.830000 0.105450 0.002013
909 9.000000 -218.240000 0.128585 0.001980
910 27.000000 -218.240000 0.113430 0.001792
911 45.000000 -218.240000 0.084518 0.001501
912 54.000000 -265.000000 0.099420 0.004022
913 72.000000 -265.000000 0.088876 0.004051
914 90.000000 -265.000000 0.108742 0.004877
915 63.000000 -249.420000 0.098654 0.002501
916 81.000000 -249.420000 0.100306 0.002649
917 54.000000 -233.830000 0.109537 0.001984
918 72.000000 -233.830000 0.095609 0.001837
919 90.000000 -233.830000 0.101761 0.001896
920 99.000000 -280.590000 0.134808 0.024271
921 117.000000 -280.590000 -1.000000 -0.010000
922 135.000000 -280.590000 -1.000000 -0.010000
923 108.000000 -265.000000 0.112026 0.006242
924 126.000000 -265.000000 0.121226 0.010363
925 99.000000 -249.420000 0.114976 0.003057
926 117.000000 -249.420000 0.117655 0.003637
927 135.000000 -249.420000 0.119728 0.004661
928 -225.000000 -218.240000 -1.000000 -0.010000
929 -207.000000 -218.240000 0.139315 0.025528
930 -189.000000 -218.240000 0.111332 0.013388
931 -216.000000 -202.650000 0.098137 0.016789
932 -198.000000 -202.650000 0.127860 0.012202
933 -225.000000 -187.060000 0.137289 0.016520
934 -207.000000 -187.060000 0.131313 0.011258
935 -189.000000 -187.060000 0.107315 0.007118
936 -180.000000 -233.830000 0.128084 0.018740
937 -162.000000 -233.830000 0.112470 0.011606
938 -144.000000 -233.830000 0.121940 0.008751
939 -171.000000 -218.240000 0.100133 0.008982
940 -153.000000 -218.240000 0.111155 0.006912
941 -180.000000 -202.650000 0.106243 0.008135
942 -162.000000 -202.650000 0.101151 0.005740
943 -144.000000 -202.650000 0.125679 0.005076
944 -135.000000 -249.420000 0.090052 0.010070
945 -117.000000 -249.420000 0.115558 0.008282
946 -99.000000 -249.420000 0.107352 0.006314
947 -126.000000 -233.830000 0.111809 0.006365
948 -108.000000 -233.830000 0.122212 0.005404
949 -135.000000 -218.240000 0.118170 0.005524
950 -117.000000 -218.240000 0.108341 0.004346
951 -99.000000 -218.240000 0.123067 0.003821
952 -90.000000 -265.000000 0.088011 0.008432
953 -72.000000 -265.000000 0.088244 0.006744
954 -54.000000 -265.000000 0.089820 0.005598
955 -81.000000 -249.420000 0.102337 0.005115
956 -63.000000 -249.420000 0.108561 0.004402
957 -90.000000 -233.830000 0.104979 0.004119
958 -72.000000 -233.830000 0.116127 0.003681
959 -54.000000 -233.830000 0.098313 0.002961
960 -45.000000 -280.590000 0.114922 0.010721
961 -27.000000 -280.590000 0.110018 0.008886
962 -9.000000 -280.590000 0.109406 0.008038
963 -36.000000 -265.000000 0.090538 0.004897
964 -18.000000 -265.000000 0.109437 0.004839
965 -45.000000 -249.420000 0.101849 0.003662
966 -27.000000 -249.420000 0.109299 0.003395
967 -9.000000 -249.420000 0.116355 0.003179
968 0.000000 -296.180000 0.120822 0.025607
969 18.000000 -296.180000 0.074288 0.021270
970 36.000000 -296.180000 0.077181 0.025680
971 9.000000 -280.590000 0.106242 0.007310
972 27.000000 -280.590000 0.094411 0.007038
973 0.000000 -265.000000 0.124513 0.004720
974 18.000000 -265.000000 0.105181 0.004190
975 36.000000 -265.000000 0.103291 0.004035
