0 -261.000000 93.530000 0.094134 0.000828
1 -243.000000 93.530000 0.118149 0.000836
2 -225.000000 93.530000 0.118019 0.000777
3 -252.000000 109.120000 0.104023 0.000862
4 -234.000000 109.120000 0.118981 0.000837
5 -261.000000 124.710000 0.109717 0.000977
6 -243.000000 124.710000 0.122441 0.000928
7 -225.000000 124.710000 0.105320 0.000801
8 -216.000000 77.940000 0.098224 0.000683
9 -198.000000 77.940000 0.106114 0.000683
10 -180.000000 77.940000 0.105805 0.000666
11 -207.000000 93.530000 0.115347 0.000734
12 -189.000000 93.530000 0.131704 0.000754
13 -216.000000 109.120000 0.108351 0.000754
14 -198.000000 109.120000 0.090426 0.000667
15 -180.000000 109.120000 0.124680 0.000746
16 -171.000000 62.350000 0.110176 0.000673
17 -153.000000 62.350000 0.114767 0.000698
18 -135.000000 62.350000 0.118484 0.000744
19 -162.000000 77.940000 0.110295 0.000678
20 -144.000000 77.940000 0.121829 0.000720
21 -171.000000 93.530000 0.120025 0.000712
22 -153.000000 93.530000 0.117700 0.000708
23 -135.000000 93.530000 0.113867 0.000712
24 -126.000000 46.770000 0.111560 0.000806
25 -108.000000 46.770000 0.106388 0.000960
26 -90.000000 46.770000 0.096996 0.001156
27 -117.000000 62.350000 0.116928 0.000814
28 -99.000000 62.350000 0.096017 0.000847
29 -126.000000 77.940000 0.113856 0.000733
30 -108.000000 77.940000 0.083287 0.000681
31 -90.000000 77.940000 0.102325 0.000793
32 -81.000000 31.180000 0.100535 0.001982
33 -63.000000 31.180000 0.092676 0.002128
34 -45.000000 31.180000 0.106769 0.002012
35 -72.000000 46.770000 0.095126 0.001488
36 -54.000000 46.770000 0.112347 0.001787
37 -81.000000 62.350000 0.092670 0.000920
38 -63.000000 62.350000 0.098631 0.001088
39 -45.000000 62.350000 0.096632 0.001208
40 -36.000000 15.590000 0.086463 0.001827
41 -18.000000 15.590000 0.088666 0.001552
42 0.000000 15.590000 0.088844 0.001307
43 -27.000000 31.180000 0.086745 0.001580
44 -9.000000 31.180000 0.082771 0.001319
45 -36.000000 46.770000 0.090052 0.001468
46 -18.000000 46.770000 0.091090 0.001326
47 0.000000 46.770000 0.089143 0.001157
48 9.000000 0.000000 0.093300 0.001212
49 27.000000 0.000000 0.093568 0.001048
50 45.000000 0.000000 0.102531 0.000957
51 18.000000 15.590000 0.094175 0.001134
52 36.000000 15.590000 0.104107 0.001033
53 9.000000 31.180000 0.090708 0.001183
54 27.000000 31.180000 0.095869 0.001043
55 45.000000 31.180000 0.097469 0.000932
56 54.000000 -15.590000 0.117434 0.000941
57 72.000000 -15.590000 0.118739 0.000865
58 90.000000 -15.590000 0.111918 0.000785
59 63.000000 0.000000 0.112877 0.000905
60 81.000000 0.000000 0.106979 0.000810
61 54.000000 15.590000 0.093013 0.000877
62 72.000000 15.590000 0.094116 0.000798
63 90.000000 15.590000 0.111944 0.000799
64 99.000000 -31.180000 0.101301 0.000719
65 117.000000 -31.180000 0.111633 0.000724
66 135.000000 -31.180000 0.117382 0.000727
67 108.000000 -15.590000 0.106058 0.000729
68 126.000000 -15.590000 0.099970 0.000686
69 99.000000 0.000000 0.100947 0.000737
70 117.000000 0.000000 0.107520 0.000721
71 135.000000 0.000000 0.118804 0.000733
72 144.000000 -46.770000 0.120152 0.000741
73 162.000000 -46.770000 0.135507 0.000800
74 180.000000 -46.770000 0.116774 0.000786
75 153.000000 -31.180000 0.120125 0.000740
76 171.000000 -31.180000 0.132860 0.000797
77 144.000000 -15.590000 0.121886 0.000739
78 162.000000 -15.590000 0.129504 0.000769
79 180.000000 -15.590000 0.125380 0.000785
80 189.000000 -62.350000 0.120785 0.000859
81 207.000000 -62.350000 0.118012 0.000948
82 225.000000 -62.350000 0.108266 0.001081
83 198.000000 -46.770000 0.116408 0.000854
84 216.000000 -46.770000 0.107775 0.000934
85 189.000000 -31.180000 0.118037 0.000798
86 207.000000 -31.180000 0.131436 0.000918
87 225.000000 -31.180000 0.105360 0.000974
88 234.000000 -77.940000 0.107833 0.001274
89 252.000000 -77.940000 0.103230 0.001680
90 270.000000 -77.940000 0.091968 0.002941
91 243.000000 -62.350000 0.113167 0.001419
92 261.000000 -62.350000 0.105232 0.002065
93 234.000000 -46.770000 0.120699 0.001200
94 252.000000 -46.770000 0.119767 0.001640
95 270.000000 -46.770000 0.113930 0.002866
96 -252.000000 140.300000 0.122059 0.001029
97 -234.000000 140.300000 0.108859 0.000893
98 -216.000000 140.300000 0.093425 0.000774
99 -243.000000 155.880000 0.120553 0.001035
100 -225.000000 155.880000 0.083402 0.000809
101 -252.000000 171.470000 0.115437 0.001130
102 -234.000000 171.470000 0.111752 0.001018
103 -216.000000 171.470000 0.119469 0.000967
104 -207.000000 124.710000 0.110934 0.000775
105 -189.000000 124.710000 0.112916 0.000754
106 -171.000000 124.710000 0.112909 0.000737
107 -198.000000 140.300000 0.105833 0.000776
108 -180.000000 140.300000 0.117080 0.000789
109 -207.000000 155.880000 0.123486 0.000898
110 -189.000000 155.880000 0.131179 0.000883
111 -171.000000 155.880000 0.105708 0.000781
112 -162.000000 109.120000 0.118964 0.000722
113 -144.000000 109.120000 0.130010 0.000758
114 -126.000000 109.120000 0.109558 0.000724
115 -153.000000 124.710000 0.076958 0.000615
116 -135.000000 124.710000 0.117676 0.000756
117 -162.000000 140.300000 0.095510 0.000708
118 -144.000000 140.300000 0.121616 0.000790
119 -126.000000 140.300000 0.123564 0.000811
120 -117.000000 93.530000 0.110980 0.000732
121 -99.000000 93.530000 0.119427 0.000786
122 -81.000000 93.530000 0.102904 0.000745
123 -108.000000 109.120000 0.110904 0.000753
124 -90.000000 109.120000 0.107814 0.000757
125 -117.000000 124.710000 0.098403 0.000724
126 -99.000000 124.710000 0.107640 0.000780
127 -81.000000 124.710000 0.117722 0.000824
128 -72.000000 77.940000 0.089805 0.000778
129 -54.000000 77.940000 0.103226 0.000885
130 -36.000000 77.940000 0.118113 0.000997
131 -63.000000 93.530000 0.085879 0.000693
132 -45.000000 93.530000 0.108879 0.000786
133 -72.000000 109.120000 0.101418 0.000735
134 -54.000000 109.120000 0.103792 0.000733
135 -36.000000 109.120000 0.095660 0.000708
136 -27.000000 62.350000 0.087869 0.001160
137 -9.000000 62.350000 0.090892 0.001102
138 9.000000 62.350000 0.086214 0.000972
139 -18.000000 77.940000 0.100830 0.000950
140 0.000000 77.940000 0.094638 0.000902
141 -27.000000 93.530000 0.095144 0.000762
142 -9.000000 93.530000 0.100717 0.000794
143 9.000000 93.530000 0.093892 0.000763
144 18.000000 46.770000 0.096417 0.001064
145 36.000000 46.770000 0.083005 0.000881
146 54.000000 46.770000 0.098771 0.000858
147 27.000000 62.350000 0.099900 0.000937
148 45.000000 62.350000 0.099247 0.000849
149 18.000000 77.940000 0.107670 0.000903
150 36.000000 77.940000 0.087309 0.000769
151 54.000000 77.940000 0.103446 0.000780
152 63.000000 31.180000 0.083873 0.000784
153 81.000000 31.180000 0.107452 0.000805
154 99.000000 31.180000 0.108222 0.000758
155 72.000000 46.770000 0.097830 0.000784
156 90.000000 46.770000 0.091625 0.000715
157 63.000000 62.350000 0.088552 0.000747
158 81.000000 62.350000 0.103482 0.000755
159 99.000000 62.350000 0.103967 0.000721
160 108.000000 15.590000 0.094091 0.000698
161 126.000000 15.590000 0.102173 0.000696
162 144.000000 15.590000 0.102284 0.000683
163 117.000000 31.180000 0.112811 0.000736
164 135.000000 31.180000 0.115485 0.000724
165 108.000000 46.770000 0.095174 0.000687
166 126.000000 46.770000 0.099487 0.000684
167 144.000000 46.770000 0.119025 0.000733
168 153.000000 0.000000 0.117797 0.000730
169 171.000000 0.000000 0.118368 0.000749
170 189.000000 0.000000 0.120521 0.000787
171 162.000000 15.590000 0.115138 0.000729
172 180.000000 15.590000 0.112402 0.000742
173 153.000000 31.180000 0.120283 0.000736
174 171.000000 31.180000 0.110227 0.000724
175 189.000000 31.180000 0.127340 0.000810
176 198.000000 -15.590000 0.100357 0.000760
177 216.000000 -15.590000 0.117125 0.000908
178 234.000000 -15.590000 0.114942 0.001098
179 207.000000 0.000000 0.115280 0.000837
180 225.000000 0.000000 0.118474 0.000980
181 198.000000 15.590000 0.107236 0.000775
182 216.000000 15.590000 0.120304 0.000907
183 234.000000 15.590000 0.108021 0.001043
184 243.000000 -31.180000 0.117396 0.001307
185 261.000000 -31.180000 0.133194 0.002098
186 279.000000 -31.180000 0.128803 0.005163
187 252.000000 -15.590000 0.114872 0.001488
188 270.000000 -15.590000 0.122293 0.002841
189 243.000000 0.000000 0.089305 0.001100
190 261.000000 0.000000 0.134136 0.001972
191 279.000000 0.000000 0.147626 0.005906
192 -198.000000 171.470000 0.092762 0.000814
193 -180.000000 171.470000 0.128579 0.000904
194 -162.000000 171.470000 0.118451 0.000850
195 -189.000000 187.060000 0.104203 0.000878
196 -171.000000 187.060000 0.110184 0.000872
197 -198.000000 202.650000 0.089198 0.000875
198 -180.000000 202.650000 0.119327 0.000943
199 -162.000000 202.650000 0.099931 0.000845
200 -153.000000 155.880000 0.116406 0.000807
201 -135.000000 155.880000 0.122798 0.000831
202 -117.000000 155.880000 0.108245 0.000804
203 -144.000000 171.470000 0.130874 0.000889
204 -126.000000 171.470000 0.127537 0.000892
205 -153.000000 187.060000 0.107156 0.000844
206 -135.000000 187.060000 0.126332 0.000906
207 -117.000000 187.060000 0.108295 0.000858
208 -108.000000 140.300000 0.107674 0.000796
209 -90.000000 140.300000 0.115998 0.000847
210 -72.000000 140.300000 0.092658 0.000780
211 -99.000000 155.880000 0.106823 0.000834
212 -81.000000 155.880000 0.104861 0.000857
213 -108.000000 171.470000 0.107339 0.000846
214 -90.000000 171.470000 0.102601 0.000866
215 -72.000000 171.470000 0.110766 0.000931
216 -63.000000 124.710000 0.096628 0.000743
217 -45.000000 124.710000 0.103902 0.000757
218 -27.000000 124.710000 0.085564 0.000684
219 -54.000000 140.300000 0.108649 0.000828
220 -36.000000 140.300000 0.107988 0.000814
221 -63.000000 155.880000 0.102378 0.000859
222 -45.000000 155.880000 0.109516 0.000879
223 -27.000000 155.880000 0.104794 0.000844
224 -18.000000 109.120000 0.087018 0.000681
225 0.000000 109.120000 0.071096 0.000624
226 18.000000 109.120000 0.081752 0.000662
227 -9.000000 124.710000 0.107348 0.000752
228 9.000000 124.710000 0.084506 0.000674
229 -18.000000 140.300000 0.086793 0.000725
230 0.000000 140.300000 0.100109 0.000758
231 18.000000 140.300000 0.108083 0.000772
232 27.000000 93.530000 0.104474 0.000779
233 45.000000 93.530000 0.114242 0.000784
234 63.000000 93.530000 0.105629 0.000736
235 36.000000 109.120000 0.103417 0.000729
236 54.000000 109.120000 0.103597 0.000716
237 27.000000 124.710000 0.107891 0.000742
238 45.000000 124.710000 0.107221 0.000735
239 63.000000 124.710000 0.114190 0.000750
240 72.000000 77.940000 0.106986 0.000754
241 90.000000 77.940000 0.104375 0.000717
242 108.000000 77.940000 0.119114 0.000744
243 81.000000 93.530000 0.108689 0.000726
244 99.000000 93.530000 0.116037 0.000735
245 72.000000 109.120000 0.115087 0.000744
246 90.000000 109.120000 0.100336 0.000694
247 108.000000 109.120000 0.117341 0.000750
248 117.000000 62.350000 0.099495 0.000686
249 135.000000 62.350000 0.105493 0.000698
250 153.000000 62.350000 0.118904 0.000740
251 126.000000 77.940000 0.114411 0.000724
252 144.000000 77.940000 0.108203 0.000715
253 117.000000 93.530000 0.099490 0.000684
254 135.000000 93.530000 0.133278 0.000787
255 153.000000 93.530000 0.115261 0.000759
256 162.000000 46.770000 0.122120 0.000751
257 180.000000 46.770000 0.126996 0.000798
258 198.000000 46.770000 0.132613 0.000868
259 171.000000 62.350000 0.116674 0.000759
260 189.000000 62.350000 0.127864 0.000841
261 162.000000 77.940000 0.114757 0.000753
262 180.000000 77.940000 0.124212 0.000822
263 198.000000 77.940000 0.131577 0.000917
264 207.000000 31.180000 0.115680 0.000848
265 225.000000 31.180000 0.112243 0.000964
266 243.000000 31.180000 0.118571 0.001249
267 216.000000 46.770000 0.117520 0.000927
268 234.000000 46.770000 0.124097 0.001139
269 207.000000 62.350000 0.115886 0.000888
270 225.000000 62.350000 0.122157 0.001057
271 243.000000 62.350000 0.111729 0.001279
272 252.000000 15.590000 0.012503 0.000502
273 270.000000 15.590000 0.124628 0.002791
274 288.000000 15.590000 0.123284 0.017303
275 261.000000 31.180000 0.135225 0.001987
276 279.000000 31.180000 0.144648 0.005650
277 252.000000 46.770000 0.143735 0.001635
278 270.000000 46.770000 0.136124 0.002963
279 288.000000 46.770000 0.129665 0.013227
280 -189.000000 218.240000 0.106820 0.000941
281 -171.000000 218.240000 0.110054 0.000899
282 -153.000000 218.240000 0.118921 0.000890
283 -180.000000 233.830000 0.115468 0.000971
284 -162.000000 233.830000 0.120618 0.000934
285 -189.000000 249.420000 0.096767 0.000995
286 -171.000000 249.420000 0.118499 0.000998
287 -153.000000 249.420000 0.110384 0.000913
288 -144.000000 202.650000 0.113539 0.000880
289 -126.000000 202.650000 0.107811 0.000861
290 -108.000000 202.650000 0.118036 0.000918
291 -135.000000 218.240000 0.118974 0.000866
292 -117.000000 218.240000 0.098813 0.000785
293 -144.000000 233.830000 0.120263 0.000888
294 -126.000000 233.830000 0.096602 0.000779
295 -108.000000 233.830000 0.098792 0.000765
296 -99.000000 187.060000 0.125056 0.000949
297 -81.000000 187.060000 0.123701 0.000985
298 -63.000000 187.060000 0.124679 0.001029
299 -90.000000 202.650000 0.115787 0.000945
300 -72.000000 202.650000 0.105809 0.000956
301 -99.000000 218.240000 0.102060 0.000796
302 -81.000000 218.240000 0.117106 0.000852
303 -63.000000 218.240000 0.103048 0.000816
304 -54.000000 171.470000 0.113602 0.000962
305 -36.000000 171.470000 0.119743 0.000979
306 -18.000000 171.470000 0.100448 0.000890
307 -45.000000 187.060000 0.118562 0.001035
308 -27.000000 187.060000 0.123565 0.001056
309 -54.000000 202.650000 0.113603 0.001036
310 -36.000000 202.650000 0.106537 0.001033
311 -18.000000 202.650000 0.109860 0.001052
312 -9.000000 155.880000 0.119827 0.000881
313 9.000000 155.880000 0.113890 0.000847
314 27.000000 155.880000 0.094982 0.000768
315 0.000000 171.470000 0.116239 0.000930
316 18.000000 171.470000 0.098870 0.000848
317 -9.000000 187.060000 0.118811 0.001014
318 9.000000 187.060000 0.110708 0.000955
319 27.000000 187.060000 0.106366 0.000920
320 36.000000 140.300000 0.107234 0.000762
321 54.000000 140.300000 0.108982 0.000763
322 72.000000 140.300000 0.120692 0.000798
323 45.000000 155.880000 0.106778 0.000799
324 63.000000 155.880000 0.126404 0.000856
325 36.000000 171.470000 0.118296 0.000898
326 54.000000 171.470000 0.099956 0.000824
327 72.000000 171.470000 0.106110 0.000846
328 81.000000 124.710000 0.115810 0.000759
329 99.000000 124.710000 0.115145 0.000760
330 117.000000 124.710000 0.111647 0.000758
331 90.000000 140.300000 0.116204 0.000791
332 108.000000 140.300000 0.114910 0.000795
333 81.000000 155.880000 0.129290 0.000870
334 99.000000 155.880000 0.113060 0.000827
335 117.000000 155.880000 0.122481 0.000870
336 126.000000 109.120000 0.103260 0.000716
337 144.000000 109.120000 0.130170 0.000813
338 162.000000 109.120000 0.115412 0.000808
339 135.000000 124.710000 0.124455 0.000815
340 153.000000 124.710000 0.126688 0.000859
341 126.000000 140.300000 0.120541 0.000833
342 144.000000 140.300000 0.127903 0.000883
343 162.000000 140.300000 0.137796 0.000960
344 171.000000 93.530000 0.117674 0.000806
345 189.000000 93.530000 0.116794 0.000867
346 207.000000 93.530000 0.120997 0.000980
347 180.000000 109.120000 0.116444 0.000865
348 198.000000 109.120000 0.121571 0.000972
349 171.000000 124.710000 0.101733 0.000826
350 189.000000 124.710000 0.123882 0.000982
351 207.000000 124.710000 0.113233 0.001057
352 216.000000 77.940000 0.111260 0.000970
353 234.000000 77.940000 0.116332 0.001190
354 252.000000 77.940000 0.123960 0.001667
355 225.000000 93.530000 0.123480 0.001155
356 243.000000 93.530000 0.126457 0.001479
357 216.000000 109.120000 0.115605 0.001087
358 234.000000 109.120000 0.121630 0.001343
359 252.000000 109.120000 0.124341 0.001828
360 261.000000 62.350000 0.137947 0.002129
361 279.000000 62.350000 0.116420 0.004889
362 297.000000 62.350000 -1.000000 -0.010000
363 270.000000 77.940000 0.129392 0.003021
364 288.000000 77.940000 0.137320 0.015859
365 261.000000 93.530000 0.122391 0.002198
366 279.000000 93.530000 0.122700 0.006242
367 297.000000 93.530000 -1.000000 -0.010000
368 -135.000000 249.420000 0.106408 0.000852
369 -117.000000 249.420000 0.109950 0.000832
370 -99.000000 249.420000 0.100366 0.000775
371 -126.000000 265.000000 0.112845 0.000901
372 -108.000000 265.000000 0.097396 0.000807
373 -135.000000 280.590000 0.111617 0.001001
374 -117.000000 280.590000 0.105845 0.000925
375 -99.000000 280.590000 0.087660 0.000810
376 -90.000000 233.830000 0.100339 0.000760
377 -72.000000 233.830000 0.112950 0.000797
378 -54.000000 233.830000 0.114748 0.000804
379 -81.000000 249.420000 0.120535 0.000820
380 -63.000000 249.420000 0.102583 0.000754
381 -90.000000 265.000000 0.095788 0.000777
382 -72.000000 265.000000 0.099590 0.000773
383 -54.000000 265.000000 0.098783 0.000760
384 -45.000000 218.240000 0.120698 0.000885
385 -27.000000 218.240000 0.115977 0.000876
386 -9.000000 218.240000 0.110479 0.000862
387 -36.000000 233.830000 0.100907 0.000764
388 -18.000000 233.830000 0.103128 0.000780
389 -45.000000 249.420000 0.101556 0.000751
390 -27.000000 249.420000 0.099319 0.000743
391 -9.000000 249.420000 0.102683 0.000762
392 0.000000 202.650000 0.093262 0.000959
393 18.000000 202.650000 0.105374 0.000976
394 36.000000 202.650000 0.122792 0.001006
395 9.000000 218.240000 0.115459 0.000885
396 27.000000 218.240000 0.114678 0.000881
397 0.000000 233.830000 0.116455 0.000830
398 18.000000 233.830000 0.095603 0.000770
399 36.000000 233.830000 0.113061 0.000836
400 45.000000 187.060000 0.103241 0.000893
401 63.000000 187.060000 0.120227 0.000939
402 81.000000 187.060000 0.109494 0.000896
403 54.000000 202.650000 0.113486 0.000935
404 72.000000 202.650000 0.119410 0.000937
405 45.000000 218.240000 0.112337 0.000874
406 63.000000 218.240000 0.109304 0.000867
407 81.000000 218.240000 0.115968 0.000887
408 90.000000 171.470000 0.111855 0.000867
409 108.000000 171.470000 0.107538 0.000861
410 126.000000 171.470000 0.123904 0.000930
411 99.000000 187.060000 0.102598 0.000870
412 117.000000 187.060000 0.115789 0.000919
413 90.000000 202.650000 0.116394 0.000915
414 108.000000 202.650000 0.117388 0.000919
415 126.000000 202.650000 0.105477 0.000881
416 135.000000 155.880000 0.128056 0.000914
417 153.000000 155.880000 0.124534 0.000944
418 171.000000 155.880000 0.123515 0.000991
419 144.000000 171.470000 0.123134 0.000957
420 162.000000 171.470000 0.133549 0.001024
421 135.000000 187.060000 0.124910 0.000965
422 153.000000 187.060000 0.134470 0.001017
423 171.000000 187.060000 0.137275 0.001084
424 180.000000 140.300000 0.111369 0.000941
425 198.000000 140.300000 0.129789 0.001103
426 216.000000 140.300000 0.132637 0.001262
427 189.000000 155.880000 0.126091 0.001078
428 207.000000 155.880000 0.125919 0.001193
429 180.000000 171.470000 0.124039 0.001056
430 198.000000 171.470000 0.118050 0.001136
431 216.000000 171.470000 0.119849 0.001334
432 225.000000 124.710000 0.124935 0.001282
433 243.000000 124.710000 0.129633 0.001635
434 261.000000 124.710000 0.145229 0.002900
435 234.000000 140.300000 0.133758 0.001535
436 252.000000 140.300000 0.115958 0.002184
437 225.000000 155.880000 0.138587 0.001472
438 243.000000 155.880000 0.130660 0.002037
439 261.000000 155.880000 0.143132 0.006148
440 -36.000000 265.000000 0.096966 0.000747
441 -18.000000 265.000000 0.113066 0.000798
442 0.000000 265.000000 0.094888 0.000741
443 -27.000000 280.590000 0.117329 0.000845
444 -9.000000 280.590000 0.112328 0.000826
445 -36.000000 296.180000 0.108066 0.000907
446 -18.000000 296.180000 0.104128 0.000893
447 0.000000 296.180000 0.097084 0.000872
448 9.000000 249.420000 0.116935 0.000813
449 27.000000 249.420000 0.110119 0.000798
450 45.000000 249.420000 0.122649 0.000843
451 18.000000 265.000000 0.108684 0.000792
452 36.000000 265.000000 0.120281 0.000841
453 9.000000 280.590000 0.114744 0.000844
454 27.000000 280.590000 0.114259 0.000859
455 45.000000 280.590000 0.113456 0.000887
456 54.000000 233.830000 0.118476 0.000858
457 72.000000 233.830000 0.102849 0.000807
458 90.000000 233.830000 0.118196 0.000867
459 63.000000 249.420000 0.109025 0.000812
460 81.000000 249.420000 0.113088 0.000847
461 54.000000 265.000000 0.101148 0.000798
462 72.000000 265.000000 0.116147 0.000881
463 90.000000 265.000000 0.111074 0.000912
464 99.000000 218.240000 0.125422 0.000918
465 117.000000 218.240000 0.114620 0.000893
466 135.000000 218.240000 0.095060 0.000855
467 108.000000 233.830000 0.119208 0.000896
468 126.000000 233.830000 0.132992 0.000985
469 99.000000 249.420000 0.119879 0.000910
470 117.000000 249.420000 0.109996 0.000932
471 135.000000 249.420000 0.131093 0.001111
472 144.000000 202.650000 0.131190 0.000994
473 162.000000 202.650000 0.107900 0.000972
474 180.000000 202.650000 0.130564 0.001156
475 153.000000 218.240000 0.128461 0.001037
476 171.000000 218.240000 0.136936 0.001187
477 144.000000 233.830000 0.116453 0.001006
478 162.000000 233.830000 0.124151 0.001186
479 180.000000 233.830000 0.123179 0.001483
480 189.000000 187.060000 0.124562 0.001142
481 207.000000 187.060000 0.121950 0.001317
482 225.000000 187.060000 0.104181 0.001694
483 198.000000 202.650000 0.127315 0.001349
484 216.000000 202.650000 0.120374 0.001848
485 189.000000 218.240000 0.114902 0.001332
486 207.000000 218.240000 0.113038 0.001922
487 225.000000 218.240000 0.116470 0.005230
488 -270.000000 46.770000 0.112441 0.000871
489 -252.000000 46.770000 0.111519 0.000790
490 -234.000000 46.770000 0.110927 0.000735
491 -261.000000 62.350000 0.101966 0.000810
492 -243.000000 62.350000 0.110444 0.000771
493 -270.000000 77.940000 0.094319 0.000843
494 -252.000000 77.940000 0.104453 0.000799
495 -234.000000 77.940000 0.114988 0.000773
496 -225.000000 31.180000 0.109600 0.000706
497 -207.000000 31.180000 0.115640 0.000698
498 -189.000000 31.180000 0.125093 0.000709
499 -216.000000 46.770000 0.117110 0.000717
500 -198.000000 46.770000 0.123545 0.000710
501 -225.000000 62.350000 0.115498 0.000737
502 -207.000000 62.350000 0.119872 0.000719
503 -189.000000 62.350000 0.122295 0.000706
504 -180.000000 15.590000 0.115752 0.000690
505 -162.000000 15.590000 0.114675 0.000706
506 -144.000000 15.590000 0.112922 0.000761
507 -171.000000 31.180000 0.119049 0.000703
508 -153.000000 31.180000 0.109228 0.000707
509 -180.000000 46.770000 0.105450 0.000657
510 -162.000000 46.770000 0.109052 0.000682
511 -144.000000 46.770000 0.127088 0.000767
512 -135.000000 0.000000 0.121916 0.000826
513 -117.000000 0.000000 0.121708 0.000981
514 -99.000000 0.000000 0.121164 0.001484
515 -126.000000 15.590000 0.124598 0.000914
516 -108.000000 15.590000 0.115658 0.001176
517 -135.000000 31.180000 0.116004 0.000799
518 -117.000000 31.180000 0.119242 0.000969
519 -99.000000 31.180000 0.113602 0.001328
520 -90.000000 -15.590000 0.126227 0.001457
521 -72.000000 -15.590000 0.083318 0.001682
522 -54.000000 -15.590000 0.106835 0.001889
523 -81.000000 0.000000 0.020947 0.001217
524 -63.000000 0.000000 0.079357 0.002221
525 -90.000000 15.590000 0.101132 0.002233
526 -72.000000 15.590000 0.078022 0.002589
527 -54.000000 15.590000 0.090466 0.002272
528 -45.000000 -31.180000 0.104580 0.001512
529 -27.000000 -31.180000 0.103977 0.001364
530 -9.000000 -31.180000 0.084689 0.001136
531 -36.000000 -15.590000 0.100712 0.001657
532 -18.000000 -15.590000 0.102858 0.001476
533 -45.000000 0.000000 0.097854 0.002042
534 -27.000000 0.000000 0.101626 0.001737
535 -9.000000 0.000000 0.090733 0.001404
536 0.000000 -46.770000 0.111048 0.001062
537 18.000000 -46.770000 0.107992 0.000969
538 36.000000 -46.770000 0.111471 0.000903
539 9.000000 -31.180000 0.101102 0.001100
540 27.000000 -31.180000 0.106692 0.001003
541 0.000000 -15.590000 0.109004 0.001324
542 18.000000 -15.590000 0.109546 0.001158
543 36.000000 -15.590000 0.099700 0.000976
544 45.000000 -62.350000 0.107295 0.000792
545 63.000000 -62.350000 0.103935 0.000746
546 81.000000 -62.350000 0.116633 0.000756
547 54.000000 -46.770000 0.112625 0.000839
548 72.000000 -46.770000 0.112060 0.000786
549 45.000000 -31.180000 0.109964 0.000922
550 63.000000 -31.180000 0.115360 0.000860
551 81.000000 -31.180000 0.110233 0.000788
552 90.000000 -77.940000 0.114412 0.000730
553 108.000000 -77.940000 0.111180 0.000715
554 126.000000 -77.940000 0.115091 0.000732
555 99.000000 -62.350000 0.118585 0.000744
556 117.000000 -62.350000 0.117872 0.000733
557 90.000000 -46.770000 0.115993 0.000761
558 108.000000 -46.770000 0.117790 0.000742
559 126.000000 -46.770000 0.117134 0.000730
560 135.000000 -93.530000 0.122217 0.000785
561 153.000000 -93.530000 0.118795 0.000810
562 171.000000 -93.530000 0.117708 0.000862
563 144.000000 -77.940000 0.113290 0.000747
564 162.000000 -77.940000 0.113785 0.000783
565 135.000000 -62.350000 0.133060 0.000774
566 153.000000 -62.350000 0.113878 0.000743
567 171.000000 -62.350000 0.120075 0.000796
568 180.000000 -109.120000 0.119315 0.000960
569 198.000000 -109.120000 0.120170 0.001059
570 216.000000 -109.120000 0.121168 0.001219
571 189.000000 -93.530000 0.121277 0.000956
572 207.000000 -93.530000 0.122005 0.001077
573 180.000000 -77.940000 0.117036 0.000849
574 198.000000 -77.940000 0.122805 0.000957
575 216.000000 -77.940000 0.122800 0.001092
576 225.000000 -124.710000 0.115216 0.001372
577 243.000000 -124.710000 0.120361 0.001845
578 261.000000 -124.710000 0.120558 0.003887
579 234.000000 -109.120000 0.122798 0.001493
580 252.000000 -109.120000 0.120333 0.002070
581 225.000000 -93.530000 0.115992 0.001245
582 243.000000 -93.530000 0.125400 0.001637
583 261.000000 -93.530000 0.121583 0.002486
584 -279.000000 0.000000 0.119392 0.000927
585 -261.000000 0.000000 0.101909 0.000784
586 -243.000000 0.000000 0.106380 0.000738
587 -270.000000 15.590000 0.107168 0.000837
588 -252.000000 15.590000 0.104089 0.000759
589 -279.000000 31.180000 0.101654 0.000869
590 -261.000000 31.180000 0.107659 0.000806
591 -243.000000 31.180000 0.103767 0.000732
592 -234.000000 -15.590000 0.106973 0.000724
593 -216.000000 -15.590000 0.117564 0.000720
594 -198.000000 -15.590000 0.113088 0.000688
595 -225.000000 0.000000 0.108029 0.000702
596 -207.000000 0.000000 0.110434 0.000684
597 -234.000000 15.590000 0.109548 0.000725
598 -216.000000 15.590000 0.111060 0.000695
599 -198.000000 15.590000 0.116308 0.000690
600 -189.000000 -31.180000 0.123538 0.000714
601 -171.000000 -31.180000 0.119255 0.000700
602 -153.000000 -31.180000 0.122064 0.000722
603 -180.000000 -15.590000 0.107937 0.000668
604 -162.000000 -15.590000 0.114686 0.000702
605 -189.000000 0.000000 0.123516 0.000709
606 -171.000000 0.000000 0.119659 0.000707
607 -153.000000 0.000000 0.124189 0.000751
608 -144.000000 -46.770000 0.119085 0.000717
609 -126.000000 -46.770000 0.120708 0.000760
610 -108.000000 -46.770000 0.125655 0.000835
611 -135.000000 -31.180000 0.127057 0.000779
612 -117.000000 -31.180000 0.128771 0.000870
613 -144.000000 -15.590000 0.122902 0.000765
614 -126.000000 -15.590000 0.123044 0.000852
615 -108.000000 -15.590000 0.128160 0.001062
616 -99.000000 -62.350000 0.116553 0.000784
617 -81.000000 -62.350000 0.098177 0.000742
618 -63.000000 -62.350000 0.100365 0.000774
619 -90.000000 -46.770000 0.121608 0.000889
620 -72.000000 -46.770000 0.100427 0.000890
621 -99.000000 -31.180000 0.117594 0.000992
622 -81.000000 -31.180000 0.126328 0.001236
623 -63.000000 -31.180000 0.114965 0.001517
624 -54.000000 -77.940000 0.119578 0.000785
625 -36.000000 -77.940000 0.106401 0.000762
626 -18.000000 -77.940000 0.102777 0.000766
627 -45.000000 -62.350000 0.110399 0.000851
628 -27.000000 -62.350000 0.112995 0.000901
629 -54.000000 -46.770000 0.123229 0.001091
630 -36.000000 -46.770000 0.113596 0.001140
631 -18.000000 -46.770000 0.102811 0.001087
632 -9.000000 -93.530000 0.107947 0.000747
633 9.000000 -93.530000 0.117721 0.000775
634 27.000000 -93.530000 0.119429 0.000771
635 0.000000 -77.940000 0.123029 0.000834
636 18.000000 -77.940000 0.113369 0.000796
637 -9.000000 -62.350000 0.116449 0.000927
638 9.000000 -62.350000 0.115877 0.000902
639 27.000000 -62.350000 0.109294 0.000841
640 36.000000 -109.120000 0.112671 0.000750
641 54.000000 -109.120000 0.121501 0.000767
642 72.000000 -109.120000 0.121776 0.000767
643 45.000000 -93.530000 0.109952 0.000732
644 63.000000 -93.530000 0.119984 0.000753
645 36.000000 -77.940000 0.118363 0.000793
646 54.000000 -77.940000 0.110724 0.000747
647 72.000000 -77.940000 0.110881 0.000731
648 81.000000 -124.710000 0.117614 0.000791
649 99.000000 -124.710000 0.117056 0.000805
650 117.000000 -124.710000 0.111643 0.000806
651 90.000000 -109.120000 0.122649 0.000773
652 108.000000 -109.120000 0.112767 0.000760
653 81.000000 -93.530000 0.120094 0.000746
654 99.000000 -93.530000 0.118826 0.000743
655 117.000000 -93.530000 0.115641 0.000748
656 126.000000 -140.300000 0.118354 0.000893
657 144.000000 -140.300000 0.116151 0.000924
658 162.000000 -140.300000 0.117481 0.000982
659 135.000000 -124.710000 0.114802 0.000846
660 153.000000 -124.710000 0.122122 0.000915
661 126.000000 -109.120000 0.114483 0.000786
662 144.000000 -109.120000 0.114778 0.000819
663 162.000000 -109.120000 0.122516 0.000893
664 171.000000 -155.880000 0.115850 0.001027
665 189.000000 -155.880000 0.115669 0.001124
666 207.000000 -155.880000 0.127764 0.001344
667 180.000000 -140.300000 0.109928 0.001013
668 198.000000 -140.300000 0.115893 0.001140
669 171.000000 -124.710000 0.112250 0.000947
670 189.000000 -124.710000 0.124057 0.001075
671 207.000000 -124.710000 0.115478 0.001162
672 216.000000 -171.470000 0.113984 0.001577
673 234.000000 -171.470000 0.111720 0.002718
674 252.000000 -171.470000 0.165637 0.026690
675 225.000000 -155.880000 0.097748 0.001495
676 243.000000 -155.880000 0.120182 0.002863
677 216.000000 -140.300000 0.112583 0.001306
678 234.000000 -140.300000 0.111614 0.001659
679 252.000000 -140.300000 0.110933 0.003066
680 -288.000000 -46.770000 0.112629 0.001003
681 -270.000000 -46.770000 0.108965 0.000885
682 -252.000000 -46.770000 0.110348 0.000811
683 -279.000000 -31.180000 0.112762 0.000926
684 -261.000000 -31.180000 0.116471 0.000850
685 -288.000000 -15.590000 0.110731 0.000954
686 -270.000000 -15.590000 0.116810 0.000880
687 -252.000000 -15.590000 0.123153 0.000822
688 -243.000000 -62.350000 0.099300 0.000767
689 -225.000000 -62.350000 0.113368 0.000761
690 -207.000000 -62.350000 0.108501 0.000715
691 -234.000000 -46.770000 0.106599 0.000745
692 -216.000000 -46.770000 0.107356 0.000712
693 -243.000000 -31.180000 0.103520 0.000745
694 -225.000000 -31.180000 0.107179 0.000714
695 -207.000000 -31.180000 0.106110 0.000684
696 -198.000000 -77.940000 0.100606 0.000696
697 -180.000000 -77.940000 0.105866 0.000693
698 -162.000000 -77.940000 0.110812 0.000698
699 -189.000000 -62.350000 0.104258 0.000682
700 -171.000000 -62.350000 0.110713 0.000686
701 -198.000000 -46.770000 0.099051 0.000663
702 -180.000000 -46.770000 0.122516 0.000716
703 -162.000000 -46.770000 0.120029 0.000704
704 -153.000000 -93.530000 0.112135 0.000724
705 -135.000000 -93.530000 0.123643 0.000764
706 -117.000000 -93.530000 0.120076 0.000775
707 -144.000000 -77.940000 0.112894 0.000709
708 -126.000000 -77.940000 0.122101 0.000751
709 -153.000000 -62.350000 0.121274 0.000715
710 -135.000000 -62.350000 0.116187 0.000718
711 -117.000000 -62.350000 0.114390 0.000744
712 -108.000000 -109.120000 0.111131 0.000790
713 -90.000000 -109.120000 0.115358 0.000817
714 -72.000000 -109.120000 0.126848 0.000847
715 -99.000000 -93.530000 0.114890 0.000776
716 -81.000000 -93.530000 0.114301 0.000778
717 -108.000000 -77.940000 0.101108 0.000712
718 -90.000000 -77.940000 0.105666 0.000743
719 -72.000000 -77.940000 0.114431 0.000766
720 -63.000000 -124.710000 0.120648 0.000880
721 -45.000000 -124.710000 0.119229 0.000851
722 -27.000000 -124.710000 0.099978 0.000773
723 -54.000000 -109.120000 0.108387 0.000777
724 -36.000000 -109.120000 0.120266 0.000797
725 -63.000000 -93.530000 0.123293 0.000790
726 -45.000000 -93.530000 0.122469 0.000784
727 -27.000000 -93.530000 0.118663 0.000774
728 -18.000000 -140.300000 0.121740 0.000907
729 0.000000 -140.300000 0.113538 0.000857
730 18.000000 -140.300000 0.108229 0.000821
731 -9.000000 -124.710000 0.120950 0.000825
732 9.000000 -124.710000 0.110924 0.000777
733 -18.000000 -109.120000 0.114933 0.000773
734 0.000000 -109.120000 0.121007 0.000787
735 18.000000 -109.120000 0.113978 0.000761
736 27.000000 -155.880000 0.110762 0.000902
737 45.000000 -155.880000 0.110972 0.000891
738 63.000000 -155.880000 0.107474 0.000876
739 36.000000 -140.300000 0.110939 0.000821
740 54.000000 -140.300000 0.096243 0.000768
741 27.000000 -124.710000 0.111231 0.000770
742 45.000000 -124.710000 0.118173 0.000787
743 63.000000 -124.710000 0.104686 0.000746
744 72.000000 -171.470000 0.111258 0.000918
745 90.000000 -171.470000 0.109109 0.000900
746 108.000000 -171.470000 0.106364 0.000889
747 81.000000 -155.880000 0.111673 0.000885
748 99.000000 -155.880000 0.112132 0.000895
749 72.000000 -140.300000 0.115877 0.000836
750 90.000000 -140.300000 0.109062 0.000824
751 108.000000 -140.300000 0.112600 0.000850
752 117.000000 -187.060000 0.102754 0.000880
753 135.000000 -187.060000 0.110971 0.000946
754 153.000000 -187.060000 0.118673 0.001026
755 126.000000 -171.470000 0.110542 0.000916
756 144.000000 -171.470000 0.116138 0.000971
757 117.000000 -155.880000 0.106851 0.000884
758 135.000000 -155.880000 0.113869 0.000932
759 153.000000 -155.880000 0.111823 0.000964
760 162.000000 -202.650000 0.118118 0.001131
761 180.000000 -202.650000 0.119205 0.001326
762 198.000000 -202.650000 0.122998 0.001794
763 171.000000 -187.060000 0.116920 0.001114
764 189.000000 -187.060000 0.121866 0.001299
765 162.000000 -171.470000 0.112441 0.001005
766 180.000000 -171.470000 0.120318 0.001134
767 198.000000 -171.470000 0.118699 0.001285
768 -297.000000 -93.530000 0.104875 0.001190
769 -279.000000 -93.530000 0.107294 0.001052
770 -261.000000 -93.530000 0.105142 0.000932
771 -288.000000 -77.940000 0.099391 0.001027
772 -270.000000 -77.940000 0.106426 0.000940
773 -297.000000 -62.350000 0.105926 0.001084
774 -279.000000 -62.350000 0.112342 0.000976
775 -261.000000 -62.350000 0.105089 0.000855
776 -252.000000 -109.120000 0.106876 0.000943
777 -234.000000 -109.120000 0.110011 0.000875
778 -216.000000 -109.120000 0.112278 0.000826
779 -243.000000 -93.530000 0.107933 0.000855
780 -225.000000 -93.530000 0.100474 0.000772
781 -252.000000 -77.940000 0.107595 0.000854
782 -234.000000 -77.940000 0.111032 0.000800
783 -216.000000 -77.940000 0.105346 0.000740
784 -207.000000 -124.710000 0.089946 0.000769
785 -189.000000 -124.710000 0.082274 0.000707
786 -171.000000 -124.710000 0.091842 0.000718
787 -198.000000 -109.120000 0.100295 0.000748
788 -180.000000 -109.120000 0.101627 0.000726
789 -207.000000 -93.530000 0.092178 0.000706
790 -189.000000 -93.530000 0.100364 0.000703
791 -171.000000 -93.530000 0.117042 0.000740
792 -162.000000 -140.300000 0.108297 0.000809
793 -144.000000 -140.300000 0.116263 0.000831
794 -126.000000 -140.300000 0.118851 0.000848
795 -153.000000 -124.710000 0.110781 0.000771
796 -135.000000 -124.710000 0.115249 0.000790
797 -162.000000 -109.120000 0.118247 0.000761
798 -144.000000 -109.120000 0.092980 0.000688
799 -126.000000 -109.120000 0.123191 0.000799
800 -117.000000 -155.880000 0.116103 0.000900
801 -99.000000 -155.880000 0.037729 0.000553
802 -81.000000 -155.880000 0.119967 0.000979
803 -108.000000 -140.300000 0.116914 0.000865
804 -90.000000 -140.300000 0.116939 0.000892
805 -117.000000 -124.710000 0.115173 0.000811
806 -99.000000 -124.710000 0.115049 0.000837
807 -81.000000 -124.710000 0.101833 0.000815
808 -72.000000 -171.470000 0.116500 0.001052
809 -54.000000 -171.470000 0.124238 0.001129
810 -36.000000 -171.470000 0.117073 0.001132
811 -63.000000 -155.880000 0.115593 0.000988
812 -45.000000 -155.880000 0.118167 0.001012
813 -72.000000 -140.300000 0.121870 0.000934
814 -54.000000 -140.300000 0.122280 0.000947
815 -36.000000 -140.300000 0.109187 0.000885
816 -27.000000 -187.060000 0.116718 0.000944
817 -9.000000 -187.060000 0.106033 0.000901
818 9.000000 -187.060000 0.115766 0.000931
819 -18.000000 -171.470000 0.113623 0.001108
820 0.000000 -171.470000 0.107202 0.001040
821 -27.000000 -155.880000 0.118598 0.001003
822 -9.000000 -155.880000 0.125123 0.001000
823 9.000000 -155.880000 0.121696 0.000959
824 18.000000 -202.650000 0.107418 0.000852
825 36.000000 -202.650000 0.098808 0.000821
826 54.000000 -202.650000 0.107520 0.000854
827 27.000000 -187.060000 0.113671 0.000916
828 45.000000 -187.060000 0.119257 0.000923
829 18.000000 -171.470000 0.113899 0.001024
830 36.000000 -171.470000 0.106623 0.000963
831 54.000000 -171.470000 0.117241 0.000957
832 63.000000 -218.240000 0.103361 0.000824
833 81.000000 -218.240000 0.103906 0.000841
834 99.000000 -218.240000 0.112357 0.000896
835 72.000000 -202.650000 0.102770 0.000844
836 90.000000 -202.650000 0.111905 0.000885
837 63.000000 -187.060000 0.104719 0.000864
838 81.000000 -187.060000 0.109386 0.000881
839 99.000000 -187.060000 0.107363 0.000877
840 108.000000 -233.830000 0.108335 0.000942
841 126.000000 -233.830000 0.110423 0.001057
842 144.000000 -233.830000 0.115886 0.001259
843 117.000000 -218.240000 0.105191 0.000913
844 135.000000 -218.240000 0.113059 0.001015
845 108.000000 -202.650000 0.103894 0.000875
846 126.000000 -202.650000 0.110125 0.000932
847 144.000000 -202.650000 0.113860 0.001007
848 153.000000 -249.420000 0.114031 0.002007
849 171.000000 -249.420000 0.113371 0.003748
850 189.000000 -249.420000 0.117369 0.011105
851 162.000000 -233.830000 0.115840 0.001606
852 180.000000 -233.830000 0.109176 0.002423
853 153.000000 -218.240000 0.121014 0.001181
854 171.000000 -218.240000 0.122311 0.001443
855 189.000000 -218.240000 0.116934 0.001994
856 -261.000000 -155.880000 0.100158 0.001149
857 -243.000000 -155.880000 0.098852 0.001032
858 -225.000000 -155.880000 0.106658 0.000984
859 -252.000000 -140.300000 0.106445 0.001057
860 -234.000000 -140.300000 0.108566 0.000975
861 -261.000000 -124.710000 0.102962 0.001032
862 -243.000000 -124.710000 0.106674 0.000953
863 -225.000000 -124.710000 0.114306 0.000906
864 -216.000000 -171.470000 0.099636 0.000967
865 -198.000000 -171.470000 0.087225 0.000849
866 -180.000000 -171.470000 0.090410 0.000834
867 -207.000000 -155.880000 0.090783 0.000857
868 -189.000000 -155.880000 0.086347 0.000801
869 -216.000000 -140.300000 0.100045 0.000875
870 -198.000000 -140.300000 0.095177 0.000813
871 -180.000000 -140.300000 0.098745 0.000797
872 -171.000000 -187.060000 0.090838 0.000827
873 -153.000000 -187.060000 0.090298 0.000795
874 -135.000000 -187.060000 0.107349 0.000843
875 -162.000000 -171.470000 0.095216 0.000835
876 -144.000000 -171.470000 0.098104 0.000840
877 -171.000000 -155.880000 0.083601 0.000769
878 -153.000000 -155.880000 0.101384 0.000823
879 -135.000000 -155.880000 0.084489 0.000762
880 -126.000000 -202.650000 0.100104 0.000803
881 -108.000000 -202.650000 0.102918 0.000804
882 -90.000000 -202.650000 0.102933 0.000804
883 -117.000000 -187.060000 0.106190 0.000835
884 -99.000000 -187.060000 0.109469 0.000854
885 -126.000000 -171.470000 0.108967 0.000888
886 -108.000000 -171.470000 0.119078 0.000958
887 -90.000000 -171.470000 0.118648 0.001008
888 -81.000000 -218.240000 0.102338 0.000780
889 -63.000000 -218.240000 0.098942 0.000763
890 -45.000000 -218.240000 0.105587 0.000789
891 -72.000000 -202.650000 0.109439 0.000832
892 -54.000000 -202.650000 0.112547 0.000850
893 -81.000000 -187.060000 0.106846 0.000860
894 -63.000000 -187.060000 0.106397 0.000876
895 -45.000000 -187.060000 0.111841 0.000912
896 -36.000000 -233.830000 0.103807 0.000775
897 -18.000000 -233.830000 0.106246 0.000785
898 0.000000 -233.830000 0.101553 0.000776
899 -27.000000 -218.240000 0.104508 0.000789
900 -9.000000 -218.240000 0.111039 0.000817
901 -36.000000 -202.650000 0.114441 0.000860
902 -18.000000 -202.650000 0.105509 0.000834
903 0.000000 -202.650000 0.109381 0.000854
904 9.000000 -249.420000 0.109821 0.000809
905 27.000000 -249.420000 0.101024 0.000791
906 45.000000 -249.420000 0.102815 0.000817
907 18.000000 -233.830000 0.111802 0.000817
908 36.000000 -233.830000 0.111107 0.000825
909 9.000000 -218.240000 0.104716 0.000800
910 27.000000 -218.240000 0.107512 0.000817
911 45.000000 -218.240000 0.109209 0.000833
912 54.000000 -265.000000 0.111049 0.000957
913 72.000000 -265.000000 0.104926 0.001020
914 90.000000 -265.000000 0.107450 0.001172
915 63.000000 -249.420000 0.113864 0.000891
916 81.000000 -249.420000 0.110315 0.000933
917 54.000000 -233.830000 0.108228 0.000825
918 72.000000 -233.830000 0.111681 0.000859
919 90.000000 -233.830000 0.107985 0.000886
920 99.000000 -280.590000 0.113061 0.002047
921 117.000000 -280.590000 0.106326 0.002959
922 135.000000 -280.590000 0.106071 0.005468
923 108.000000 -265.000000 0.115075 0.001461
924 126.000000 -265.000000 0.113380 0.001908
925 99.000000 -249.420000 0.107328 0.001010
926 117.000000 -249.420000 0.112892 0.001183
927 135.000000 -249.420000 0.116192 0.001479
928 -225.000000 -218.240000 0.102719 0.001187
929 -207.000000 -218.240000 0.107207 0.001092
930 -189.000000 -218.240000 0.111006 0.001021
931 -216.000000 -202.650000 0.102741 0.001057
932 -198.000000 -202.650000 0.111549 0.001015
933 -225.000000 -187.060000 0.098597 0.001042
934 -207.000000 -187.060000 0.111369 0.001018
935 -189.000000 -187.060000 0.112423 0.000954
936 -180.000000 -233.830000 0.111740 0.001047
937 -162.000000 -233.830000 0.092964 0.000902
938 -144.000000 -233.830000 0.095009 0.000854
939 -171.000000 -218.240000 0.096898 0.000898
940 -153.000000 -218.240000 0.101684 0.000869
941 -180.000000 -202.650000 0.095776 0.000886
942 -162.000000 -202.650000 0.097801 0.000846
943 -144.000000 -202.650000 0.084921 0.000767
944 -135.000000 -249.420000 0.105171 0.000925
945 -117.000000 -249.420000 0.106319 0.000879
946 -99.000000 -249.420000 0.107749 0.000848
947 -126.000000 -233.830000 0.104771 0.000851
948 -108.000000 -233.830000 0.106495 0.000826
949 -135.000000 -218.240000 0.103501 0.000835
950 -117.000000 -218.240000 0.097625 0.000788
951 -99.000000 -218.240000 0.104913 0.000793
952 -90.000000 -265.000000 0.093133 0.000842
953 -72.000000 -265.000000 0.091397 0.000809
954 -54.000000 -265.000000 0.097694 0.000813
955 -81.000000 -249.420000 0.104068 0.000809
956 -63.000000 -249.420000 0.107365 0.000806
957 -90.000000 -233.830000 0.106264 0.000802
958 -72.000000 -233.830000 0.105189 0.000786
959 -54.000000 -233.830000 0.101113 0.000768
960 -45.000000 -280.590000 0.097999 0.000927
961 -27.000000 -280.590000 0.092710 0.000901
962 -9.000000 -280.590000 0.094263 0.000916
963 -36.000000 -265.000000 0.096848 0.000799
964 -18.000000 -265.000000 0.101442 0.000813
965 -45.000000 -249.420000 0.106120 0.000792
966 -27.000000 -249.420000 0.106287 0.000790
967 -9.000000 -249.420000 0.105100 0.000787
968 0.000000 -296.180000 0.105894 0.001321
969 18.000000 -296.180000 0.096180 0.001365
970 36.000000 -296.180000 0.104501 0.001596
971 9.000000 -280.590000 0.099548 0.000967
972 27.000000 -280.590000 0.107870 0.001054
973 0.000000 -265.000000 0.097240 0.000807
974 18.000000 -265.000000 0.105831 0.000855
975 36.000000 -265.000000 0.103728 0.000876
