   1 HB6104    1    7    7  480 1952 2168
   2 HB6060    1    4    4  481 1952 2168
   3 HB6029    1    2    2  482 1952 2168
   4 HB6073    1    1    1  483 1952 2168
   5 HB6056    1    6    6  484 1952 2168
   6 HB6030    1    5    5  485 1952 2168
   7 HB6034    1    3    3  486 1952 2168
   8 HB6057    1    0    0  487 1952 2168
   9 HB6109    2    7   15  472 1953 2163
  10 HB6046    2    4   12  473 1953 2163
  11 HB6160    2    2   10  474 1953 2163
  12 HB6137    2    1    9  475 1953 2163
  13 HB6107    2    6   14  476 1953 2163
  14 HB6013    2    5   13  477 1953 2163
  15 HB6045    2    3   11  478 1953 2163
  16 HB6043    2    0    8  479 1953 2163
  17 HB6014    3    7   23  440 1954 2155
  18 HB6018    3    4   20  441 1954 2155
  19 HB6015    3    2   18  442 1954 2155
  20 HB6016    3    1   17  443 1954 2155
  21 HB6022    3    6   22  444 1954 2155
  22 HB6020    3    5   21  445 1954 2155
  23 HB6021    3    3   19  446 1954 2155
  24 HB6017    3    0   16  447 1954 2155
  25 HB6000    4    7   31  408 1955 2147
  26 HB6150    4    4   28  409 1955 2147
  27 HB6010    4    2   26  410 1955 2147
  28 HB6002    4    1   25  411 1955 2147
  29 HB6106    4    6   30  412 1955 2147
  30 HB6114    4    5   29  413 1955 2147
  31 HB6139    4    3   27  414 1955 2147
  32 HB6025    4    0   24  415 1955 2147
  33 HB6026    5    7   39  376 1956 2139
  34 HB6152    5    4   36  377 1956 2139
  35 HB6027    5    2   34  378 1956 2139
  36 HB6111    5    1   33  379 1956 2139
  37 HB6077    5    6   38  380 1956 2139
  38 HB6153    5    5   37  381 1956 2139
  39 HB6101    5    3   35  382 1956 2139
  40 HB6105    5    0   32  383 1956 2139
  41 HB6154    6    7   47  312 1957 2123
  42 HB6085    6    4   44  313 1957 2123
  43 HB6082    6    2   42  314 1957 2123
  44 HB6083    6    1   41  315 1957 2123
  45 HB6084    6    6   46  316 1957 2123
  46 HB6122    6    5   45  317 1957 2123
  47 HB6184    6    3   43  318 1957 2123
  48 HB6064    6    0   40  319 1957 2123
  49 HB6069    7    7   55  280 1958 2115
  50 HB6161    7    4   52  281 1958 2115
  51 HB6155    7    2   50  282 1958 2115
  52 HB6156    7    1   49  283 1958 2115
  53 HB6157    7    6   54  284 1958 2115
  54 HB6128    7    5   53  285 1958 2115
  55 HB6158    7    3   51  286 1958 2115
  56 HB6126    7    0   48  287 1958 2115
  57 HB6186    8    7   63  216 1959 2099
  58 HB6102    8    4   60  217 1959 2099
  59 HB6103    8    2   58  218 1959 2099
  60 HB6144    8    1   57  219 1959 2099
  61 HB6145    8    6   62  220 1959 2099
  62 HB6124    8    5   61  221 1959 2099
  63 HB5839    8    3   59  222 1959 2099
  64 HB5831    8    0   56  223 1959 2099
  65 HB5997    9    7   71  184 1960 2091
  66 HB6049    9    4   68  185 1960 2091
  67 HB6050    9    2   66  186 1960 2091
  68 HB6051    9    1   65  187 1960 2091
  69 HB5946    9    6   70  188 1960 2091
  70 HB5943    9    5   69  189 1960 2091
  71 HB5947    9    3   67  190 1960 2091
  72 HB5945    9    0   64  191 1960 2091
  73 HB5987   10    7   79  120 1961 2075
  74 HB5949   10    4   76  121 1961 2075
  75 HB5950   10    2   74  122 1961 2075
  76 HB5938   10    1   73  123 1961 2075
  77 HB5939   10    6   78  124 1961 2075
  78 HB5957   10    5   77  125 1961 2075
  79 HB5959   10    3   75  126 1961 2075
  80 HB5961   10    0   72  127 1961 2075
  81 HB5962   11    7   87   88 1962 2067
  82 HB5977   11    4   84   89 1962 2067
  83 HB5981   11    2   82   90 1962 2067
  84 HB5973   11    1   81   91 1962 2067
  85 HB5952   11    6   86   92 1962 2067
  86 HB5899   11    5   85   93 1962 2067
  87 HB5881   11    3   83   94 1962 2067
  88 HB5909   11    0   80   95 1962 2067
  89 HB5964   12    7   95   56 1963 2059
  90 HB5969   12    4   92   57 1963 2059
  91 HB5972   12    2   90   58 1963 2059
  92 HB5915   12    1   89   59 1963 2059
  93 HB5936   12    6   94   60 1963 2059
  94 HB5895   12    5   93   61 1963 2059
  95 HB6304   12    3   91   62 1963 2059
  96 HB6173   12    0   88   63 1963 2059
  97 HB6183   13    7  103  456 1964 2161
  98 HB6228   13    4  100  457 1964 2161
  99 HB6248   13    2   98  458 1964 2161
 100 HB5878   13    1   97  459 1964 2161
 101 HB6902   13    6  102  460 1964 2161
 102 HB6914   13    5  101  461 1964 2161
 103 HB6915   13    3   99  462 1964 2161
 104 HB6913   13    0   96  463 1964 2161
 105 HB6903   14    7  111  464 1965 2162
 106 HB6907   14    4  108  465 1965 2162
 107 HB6910   14    2  106  466 1965 2162
 108 HB6900   14    1  105  467 1965 2162
 109 HB6901   14    6  110  468 1965 2162
 110 HB6865   14    5  109  469 1965 2162
 111 HB6889   14    3  107  470 1965 2162
 112 HB6920   14    0  104  471 1965 2162
 113 HB6908   15    7  119  432 1966 2154
 114 HB6917   15    4  116  433 1966 2154
 115 HB6870   15    2  114  434 1966 2154
 116 HB6874   15    1  113  435 1966 2154
 117 HB6894   15    6  118  436 1966 2154
 118 HB6893   15    5  117  437 1966 2154
 119 HB6895   15    3  115  438 1966 2154
 120 HB6892   15    0  112  439 1966 2154
 121 HB6891   16    7  127  400 1967 2146
 122 HB6890   16    4  124  401 1967 2146
 123 HB6864   16    2  122  402 1967 2146
 124 HB6869   16    1  121  403 1967 2146
 125 HB6888   16    6  126  404 1967 2146
 126 HB6921   16    5  125  405 1967 2146
 127 HB6923   16    3  123  406 1967 2146
 128 HB6906   16    0  120  407 1967 2146
 129 HB6922   17    7  135  344 1968 2131
 130 HB6970   17    4  132  345 1968 2131
 131 HB6972   17    2  130  346 1968 2131
 132 HB6973   17    1  129  347 1968 2131
 133 HB6937   17    6  134  348 1968 2131
 134 HB6938   17    5  133  349 1968 2131
 135 HB6940   17    3  131  350 1968 2131
 136 HB6945   17    0  128  351 1968 2131
 137 HB6946   18    7  143  304 1969 2122
 138 HB6960   18    4  140  305 1969 2122
 139 HB6924   18    2  138  306 1969 2122
 140 HB6925   18    1  137  307 1969 2122
 141 HB6928   18    6  142  308 1969 2122
 142 HB6929   18    5  141  309 1969 2122
 143 HB6930   18    3  139  310 1969 2122
 144 HB6931   18    0  136  311 1969 2122
 145 HB6932   19    7  151  248 1970 2107
 146 HB6977   19    4  148  249 1970 2107
 147 HB6978   19    2  146  250 1970 2107
 148 HB6979   19    1  145  251 1970 2107
 149 HB6980   19    6  150  252 1970 2107
 150 HB6983   19    5  149  253 1970 2107
 151 HB6986   19    3  147  254 1970 2107
 152 HB6179   19    0  144  255 1970 2107
 153 HB9209   20    7  159  208 1971 2098
 154 HB6136   20    4  156  209 1971 2098
 155 HB6177   20    2  154  210 1971 2098
 156 HB6176   20    1  153  211 1971 2098
 157 HB6175   20    6  158  212 1971 2098
 158 HB6174   20    5  157  213 1971 2098
 159 HB6172   20    3  155  214 1971 2098
 160 HB6170   20    0  152  215 1971 2098
 161 HB6135   21    7  167  152 1972 2083
 162 HB6134   21    4  164  153 1972 2083
 163 HB6133   21    2  162  154 1972 2083
 164 HB6168   21    1  161  155 1972 2083
 165 HB6132   21    6  166  156 1972 2083
 166 HB6988   21    5  165  157 1972 2083
 167 HB6991   21    3  163  158 1972 2083
 168 HB6992   21    0  160  159 1972 2083
 169 HB7023   22    7  175  112 1973 2074
 170 HB7024   22    4  172  113 1973 2074
 171 HB7025   22    2  170  114 1973 2074
 172 HB7028   22    1  169  115 1973 2074
 173 HB7029   22    6  174  116 1973 2074
 174 HB7033   22    5  173  117 1973 2074
 175 HB7034   22    3  171  118 1973 2074
 176 HB6999   22    0  168  119 1973 2074
 177 HB7045   23    7  183   48 1974 2058
 178 HB7051   23    4  180   49 1974 2058
 179 HB7053   23    2  178   50 1974 2058
 180 HB7054   23    1  177   51 1974 2058
 181 HB7082   23    6  182   52 1974 2058
 182 HB7096   23    5  181   53 1974 2058
 183 HB7097   23    3  179   54 1974 2058
 184 HB7098   23    0  176   55 1974 2058
 185 HB7076   24    7  191   24 1975 2051
 186 HB7077   24    4  188   25 1975 2051
 187 HB7078   24    2  186   26 1975 2051
 188 HB7079   24    1  185   27 1975 2051
 189 HB7070   24    6  190   28 1975 2051
 190 HB7071   24    5  189   29 1975 2051
 191 HB7074   24    3  187   30 1975 2051
 192 HB7075   24    0  184   31 1975 2051
 193 HB7063   25    7  199  448 1976 2160
 194 HB7065   25    4  196  449 1976 2160
 195 HB7066   25    2  194  450 1976 2160
 196 HB7067   25    1  193  451 1976 2160
 197 HB7055   25    6  198  452 1976 2160
 198 HB7037   25    5  197  453 1976 2160
 199 HB7059   25    3  195  454 1976 2160
 200 HB7062   25    0  192  455 1976 2160
 201 HB7359   26    7  207  424 1977 2153
 202 HB7360   26    4  204  425 1977 2153
 203 HB7362   26    2  202  426 1977 2153
 204 HB7364   26    1  201  427 1977 2153
 205 HB7365   26    6  206  428 1977 2153
 206 HB7368   26    5  205  429 1977 2153
 207 HB7447   26    3  203  430 1977 2153
 208 HB7453   26    0  200  431 1977 2153
 209 HB7481   27    7  215  368 1978 2138
 210 HB7487   27    4  212  369 1978 2138
 211 HB7488   27    2  210  370 1978 2138
 212 HB7622   27    1  209  371 1978 2138
 213 HB7595   27    6  214  372 1978 2138
 214 HB7596   27    5  213  373 1978 2138
 215 HB7597   27    3  211  374 1978 2138
 216 HB7598   27    0  208  375 1978 2138
 217 HB7603   28    7  223  336 1979 2130
 218 HB7604   28    4  220  337 1979 2130
 219 HB7605   28    2  218  338 1979 2130
 220 HB7457   28    1  217  339 1979 2130
 221 HB7458   28    6  222  340 1979 2130
 222 HB7460   28    5  221  341 1979 2130
 223 HB7464   28    3  219  342 1979 2130
 224 HB7470   28    0  216  343 1979 2130
 225 HB7471   29    7  231  296 1980 2121
 226 HB7473   29    4  228  297 1980 2121
 227 HB7474   29    2  226  298 1980 2121
 228 HB7475   29    1  225  299 1980 2121
 229 HB7492   29    6  230  300 1980 2121
 230 HB7499   29    5  229  301 1980 2121
 231 HB7575   29    3  227  302 1980 2121
 232 HB7576   29    0  224  303 1980 2121
 233 HB7581   30    7  239  240 1981 2106
 234 HB7582   30    4  236  241 1981 2106
 235 HB7587   30    2  234  242 1981 2106
 236 HB7588   30    1  233  243 1981 2106
 237 HB7589   30    6  238  244 1981 2106
 238 HB7590   30    5  237  245 1981 2106
 239 HB7591   30    3  235  246 1981 2106
 240 HB7592   30    0  232  247 1981 2106
 241 HB7594   31    7  247  200 1982 2097
 242 HB7639   31    4  244  201 1982 2097
 243 HB7641   31    2  242  202 1982 2097
 244 HB7645   31    1  241  203 1982 2097
 245 HB7646   31    6  246  204 1982 2097
 246 HB7648   31    5  245  205 1982 2097
 247 HB7650   31    3  243  206 1982 2097
 248 HB7653   31    0  240  207 1982 2097
 249 HB7654   32    7  255  144 1983 2082
 250 HB7656   32    4  252  145 1983 2082
 251 HB7634   32    2  250  146 1983 2082
 252 HB7661   32    1  249  147 1983 2082
 253 HB7662   32    6  254  148 1983 2082
 254 HB7665   32    5  253  149 1983 2082
 255 HB7667   32    3  251  150 1983 2082
 256 HB7670   32    0  248  151 1983 2082
 257 HB7674   33    7  263  104 1984 2073
 258 HB7675   33    4  260  105 1984 2073
 259 HB7678   33    2  258  106 1984 2073
 260 HB7684   33    1  257  107 1984 2073
 261 HB7685   33    6  262  108 1984 2073
 262 HB7687   33    5  261  109 1984 2073
 263 HB7689   33    3  259  110 1984 2073
 264 HB7690   33    0  256  111 1984 2073
 265 HB7691   34    7  271   40 1985 2057
 266 HB7693   34    4  268   41 1985 2057
 267 HB7694   34    2  266   42 1985 2057
 268 HB7696   34    1  265   43 1985 2057
 269 HB7698   34    6  270   44 1985 2057
 270 HB7699   34    5  269   45 1985 2057
 271 HB7700   34    3  267   46 1985 2057
 272 HB7702   34    0  264   47 1985 2057
 273 HB7703   35    7  279   16 1986 2050
 274 HB7704   35    4  276   17 1986 2050
 275 HB7705   35    2  274   18 1986 2050
 276 HB7534   35    1  273   19 1986 2050
 277 HB7560   35    6  278   20 1986 2050
 278 HB7234   35    5  277   21 1986 2050
 279 HB7235   35    3  275   22 1986 2050
 280 HB7240   35    0  272   23 1986 2050
 281 HB7266   36    7  287  416 1987 2152
 282 HB7267   36    4  284  417 1987 2152
 283 HB7268   36    2  282  418 1987 2152
 284 HB7269   36    1  281  419 1987 2152
 285 HB7270   36    6  286  420 1987 2152
 286 HB7271   36    5  285  421 1987 2152
 287 HB7273   36    3  283  422 1987 2152
 288 HB7275   36    0  280  423 1987 2152
 289 HB7276   37    7  295  392 1988 2145
 290 HB7258   37    4  292  393 1988 2145
 291 HB7263   37    2  290  394 1988 2145
 292 HB7419   37    1  289  395 1988 2145
 293 HB7421   37    6  294  396 1988 2145
 294 HB7422   37    5  293  397 1988 2145
 295 HB7424   37    3  291  398 1988 2145
 296 HB7425   37    0  288  399 1988 2145
 297 HB7427   38    7  303  360 1989 2137
 298 HB7369   38    4  300  361 1989 2137
 299 HB7370   38    2  298  362 1989 2137
 300 HB7371   38    1  297  363 1989 2137
 301 HB7081   38    6  302  364 1989 2137
 302 HB7091   38    5  301  365 1989 2137
 303 HB7094   38    3  299  366 1989 2137
 304 HB7110   38    0  296  367 1989 2137
 305 HB7116   39    7  311  328 1990 2129
 306 HB7123   39    4  308  329 1990 2129
 307 HB7057   39    2  306  330 1990 2129
 308 HB7162   39    1  305  331 1990 2129
 309 HB7795   39    6  310  332 1990 2129
 310 HB7800   39    5  309  333 1990 2129
 311 HB7803   39    3  307  334 1990 2129
 312 HB7813   39    0  304  335 1990 2129
 313 HB7814   40    7  319  272 1991 2114
 314 HB7817   40    4  316  273 1991 2114
 315 HB7820   40    2  314  274 1991 2114
 316 HB7822   40    1  313  275 1991 2114
 317 HB7824   40    6  318  276 1991 2114
 318 HB7825   40    5  317  277 1991 2114
 319 HB7832   40    3  315  278 1991 2114
 320 HB7833   40    0  312  279 1991 2114
 321 HB7842   41    7  327  232 1992 2105
 322 HB7843   41    4  324  233 1992 2105
 323 HB7863   41    2  322  234 1992 2105
 324 HB7873   41    1  321  235 1992 2105
 325 HB7874   41    6  326  236 1992 2105
 326 HB7881   41    5  325  237 1992 2105
 327 HB7896   41    3  323  238 1992 2105
 328 HB7903   41    0  320  239 1992 2105
 329 HB7940   42    7  335  176 1993 2090
 330 HB7944   42    4  332  177 1993 2090
 331 HB7945   42    2  330  178 1993 2090
 332 HB7946   42    1  329  179 1993 2090
 333 HB7950   42    6  334  180 1993 2090
 334 HB7953   42    5  333  181 1993 2090
 335 HB7954   42    3  331  182 1993 2090
 336 HB7957   42    0  328  183 1993 2090
 337 HB7961   43    7  343  136 1994 2081
 338 HB7985   43    4  340  137 1994 2081
 339 HB7986   43    2  338  138 1994 2081
 340 HB7987   43    1  337  139 1994 2081
 341 HB7990   43    6  342  140 1994 2081
 342 HB7991   43    5  341  141 1994 2081
 343 HB7998   43    3  339  142 1994 2081
 344 HB8001   43    0  336  143 1994 2081
 345 HB8006   44    7  351   80 1995 2066
 346 HB8008   44    4  348   81 1995 2066
 347 HB8009   44    2  346   82 1995 2066
 348 HB8018   44    1  345   83 1995 2066
 349 HB8027   44    6  350   84 1995 2066
 350 HB8029   44    5  349   85 1995 2066
 351 HB8030   44    3  347   86 1995 2066
 352 HB8031   44    0  344   87 1995 2066
 353 HB8032   45    7  359   32 1996 2056
 354 HB8034   45    4  356   33 1996 2056
 355 HB8056   45    2  354   34 1996 2056
 356 HB8053   45    1  353   35 1996 2056
 357 HB8059   45    6  358   36 1996 2056
 358 HB8063   45    5  357   37 1996 2056
 359 HB8070   45    3  355   38 1996 2056
 360 HB8079   45    0  352   39 1996 2056
 361 HB8087   46    7  367    8 1997 2049
 362 HB8089   46    4  364    9 1997 2049
 363 HB8090   46    2  362   10 1997 2049
 364 HB8092   46    1  361   11 1997 2049
 365 HB8110   46    6  366   12 1997 2049
 366 HB8095   46    5  365   13 1997 2049
 367 HB8096   46    3  363   14 1997 2049
 368 HB8100   46    0  360   15 1997 2049
 369 HB8126   47    7  375  384 1998 2144
 370 HB8128   47    4  372  385 1998 2144
 371 HB8129   47    2  370  386 1998 2144
 372 HB8140   47    1  369  387 1998 2144
 373 HB8142   47    6  374  388 1998 2144
 374 HB7955   47    5  373  389 1998 2144
 375 HB7756   47    3  371  390 1998 2144
 376 HB7759   47    0  368  391 1998 2144
 377 HB8149   48    7  383  352 1999 2136
 378 HB8152   48    4  380  353 1999 2136
 379 HB8154   48    2  378  354 1999 2136
 380 HB8155   48    1  377  355 1999 2136
 381 HB8156   48    6  382  356 1999 2136
 382 HB8157   48    5  381  357 1999 2136
 383 HB8173   48    3  379  358 1999 2136
 384 HB8175   48    0  376  359 1999 2136
 385 HB8184   49    7  391  320 2000 2128
 386 HB8168   49    4  388  321 2000 2128
 387 HB8171   49    2  386  322 2000 2128
 388 HB8186   49    1  385  323 2000 2128
 389 HB8200   49    6  390  324 2000 2128
 390 HB8201   49    5  389  325 2000 2128
 391 HB8203   49    3  387  326 2000 2128
 392 HB8204   49    0  384  327 2000 2128
 393 HB8239   50    7  399  264 2001 2113
 394 HB8248   50    4  396  265 2001 2113
 395 HB8251   50    2  394  266 2001 2113
 396 HB8269   50    1  393  267 2001 2113
 397 HB8286   50    6  398  268 2001 2113
 398 HB8290   50    5  397  269 2001 2113
 399 HB8210   50    3  395  270 2001 2113
 400 HB8217   50    0  392  271 2001 2113
 401 HB8503   51    7  407  224 2002 2104
 402 HB8504   51    4  404  225 2002 2104
 403 HB8505   51    2  402  226 2002 2104
 404 HB8506   51    1  401  227 2002 2104
 405 HB8608   51    6  406  228 2002 2104
 406 HB8507   51    5  405  229 2002 2104
 407 HB8160   51    3  403  230 2002 2104
 408 HB8178   51    0  400  231 2002 2104
 409 HB8180   52    7  415  168 2003 2089
 410 HB8181   52    4  412  169 2003 2089
 411 HB8182   52    2  410  170 2003 2089
 412 HB8183   52    1  409  171 2003 2089
 413 HB8199   52    6  414  172 2003 2089
 414 HB8202   52    5  413  173 2003 2089
 415 HB8187   52    3  411  174 2003 2089
 416 HB8191   52    0  408  175 2003 2089
 417 HB8193   53    7  423  128 2004 2080
 418 HB8194   53    4  420  129 2004 2080
 419 HB8218   53    2  418  130 2004 2080
 420 HB9207   53    1  417  131 2004 2080
 421 HB7763   53    6  422  132 2004 2080
 422 HB7765   53    5  421  133 2004 2080
 423 HB7766   53    3  419  134 2004 2080
 424 HB7767   53    0  416  135 2004 2080
 425 HB7769   54    7  431   72 2005 2065
 426 HB7770   54    4  428   73 2005 2065
 427 HB7779   54    2  426   74 2005 2065
 428 HB8054   54    1  425   75 2005 2065
 429 HB7956   54    6  430   76 2005 2065
 430 HB7642   54    5  429   77 2005 2065
 431 HB7643   54    3  427   78 2005 2065
 432 HB7647   54    0  424   79 2005 2065
 433 HB7655   55    7  439    0 2006 2048
 434 HB7631   55    4  436    1 2006 2048
 435 HB7632   55    2  434    2 2006 2048
 436 HB7683   55    1  433    3 2006 2048
 437 HB7722   55    6  438    4 2006 2048
 438 HB7723   55    5  437    5 2006 2048
 439 HB7772   55    3  435    6 2006 2048
 440 HB7773   55    0  432    7 2006 2048
 441 HB7774   56    7  447  288 2007 2120
 442 HB7782   56    4  444  289 2007 2120
 443 HB7783   56    2  442  290 2007 2120
 444 HB7797   56    1  441  291 2007 2120
 445 HB7802   56    6  446  292 2007 2120
 446 HB7804   56    5  445  293 2007 2120
 447 HB7812   56    3  443  294 2007 2120
 448 HB7826   56    0  440  295 2007 2120
 449 HB7851   57    7  455  256 2008 2112
 450 HB7852   57    4  452  257 2008 2112
 451 HB7865   57    2  450  258 2008 2112
 452 HB7878   57    1  449  259 2008 2112
 453 HB7882   57    6  454  260 2008 2112
 454 HB7883   57    5  453  261 2008 2112
 455 HB7885   57    3  451  262 2008 2112
 456 HB7891   57    0  448  263 2008 2112
 457 HB7898   58    7  463  192 2009 2096
 458 HB7907   58    4  460  193 2009 2096
 459 HB7909   58    2  458  194 2009 2096
 460 HB7941   58    1  457  195 2009 2096
 461 HB7942   58    6  462  196 2009 2096
 462 HB7947   58    5  461  197 2009 2096
 463 HB7948   58    3  459  198 2009 2096
 464 HB7949   58    0  456  199 2009 2096
 465 HB8570   59    7  471  160 2010 2088
 466 HB8147   59    4  468  161 2010 2088
 467 HB8151   59    2  466  162 2010 2088
 468 HB8158   59    1  465  163 2010 2088
 469 HB8159   59    6  470  164 2010 2088
 470 HB8563   59    5  469  165 2010 2088
 471 HB8564   59    3  467  166 2010 2088
 472 HB8568   59    0  464  167 2010 2088
 473 HB8569   60    7  479   96 2011 2072
 474 HB8536   60    4  476   97 2011 2072
 475 HB7726   60    2  474   98 2011 2072
 476 HB8560   60    1  473   99 2011 2072
 477 HB8543   60    6  478  100 2011 2072
 478 HB8544   60    5  477  101 2011 2072
 479 HB8545   60    3  475  102 2011 2072
 480 HB8546   60    0  472  103 2011 2072
 481 HB8535   61    7  487   64 2012 2064
 482 HB7737   61    4  484   65 2012 2064
 483 HB8575   61    2  482   66 2012 2064
 484 HB8576   61    1  481   67 2012 2064
 485 HB8578   61    6  486   68 2012 2064
 486 HB8581   61    5  485   69 2012 2064
 487 HB8584   61    3  483   70 2012 2064
 488 HB8235   61    0  480   71 2012 2064
 489 HB8561   62    7  495  960 2013 2288
 490 HB8335   62    4  492  961 2013 2288
 491 HB8342   62    2  490  962 2013 2288
 492 HB8358   62    1  489  963 2013 2288
 493 HB8360   62    6  494  964 2013 2288
 494 HB8388   62    5  493  965 2013 2288
 495 HB8389   62    3  491  966 2013 2288
 496 HB8390   62    0  488  967 2013 2288
 497 HB8397   63    7  503  928 2014 2280
 498 HB8562   63    4  500  929 2014 2280
 499 HB8234   63    2  498  930 2014 2280
 500 HB8404   63    1  497  931 2014 2280
 501 HB7720   63    6  502  932 2014 2280
 502 HB7724   63    5  501  933 2014 2280
 503 HB7738   63    3  499  934 2014 2280
 504 HB7740   63    0  496  935 2014 2280
 505 HB8408   64    7  511  864 2015 2264
 506 HB8439   64    4  508  865 2015 2264
 507 HB8443   64    2  506  866 2015 2264
 508 HB7844   64    1  505  867 2015 2264
 509 HB7748   64    6  510  868 2015 2264
 510 HB7764   64    5  509  869 2015 2264
 511 HB7771   64    3  507  870 2015 2264
 512 HB7775   64    0  504  871 2015 2264
 513 HB7776   65    7  519  832 2016 2256
 514 HB7777   65    4  516  833 2016 2256
 515 HB7754   65    2  514  834 2016 2256
 516 HB7796   65    1  513  835 2016 2256
 517 HB7798   65    6  518  836 2016 2256
 518 HB7799   65    5  517  837 2016 2256
 519 HB7801   65    3  515  838 2016 2256
 520 HB7805   65    0  512  839 2016 2256
 521 HB7806   66    7  527  768 2017 2240
 522 HB7807   66    4  524  769 2017 2240
 523 HB7808   66    2  522  770 2017 2240
 524 HB7809   66    1  521  771 2017 2240
 525 HB7810   66    6  526  772 2017 2240
 526 HB7811   66    5  525  773 2017 2240
 527 HB7845   66    3  523  774 2017 2240
 528 HB7846   66    0  520  775 2017 2240
 529 HB7856   67    7  535  736 2018 2232
 530 HB7858   67    4  532  737 2018 2232
 531 HB7785   67    2  530  738 2018 2232
 532 HB7860   67    1  529  739 2018 2232
 533 HB7868   67    6  534  740 2018 2232
 534 HB7876   67    5  533  741 2018 2232
 535 HB7886   67    3  531  742 2018 2232
 536 HB7889   67    0  528  743 2018 2232
 537 HB7816   68    7  543  672 2019 2216
 538 HB7892   68    4  540  673 2019 2216
 539 HB7893   68    2  538  674 2019 2216
 540 HB7894   68    1  537  675 2019 2216
 541 HB7900   68    6  542  676 2019 2216
 542 HB7901   68    5  541  677 2019 2216
 543 HB7902   68    3  539  678 2019 2216
 544 HB7905   68    0  536  679 2019 2216
 545 HB7906   69    7  551  640 2020 2208
 546 HB7908   69    4  548  641 2020 2208
 547 HB7910   69    2  546  642 2020 2208
 548 HB7964   69    1  545  643 2020 2208
 549 HB7965   69    6  550  644 2020 2208
 550 HB7967   69    5  549  645 2020 2208
 551 HB7968   69    3  547  646 2020 2208
 552 HB7969   69    0  544  647 2020 2208
 553 HB7970   70    7  559  576 2021 2192
 554 HB7973   70    4  556  577 2021 2192
 555 HB7977   70    2  554  578 2021 2192
 556 HB7979   70    1  553  579 2021 2192
 557 HB7980   70    6  558  580 2021 2192
 558 HB7981   70    5  557  581 2021 2192
 559 HB7982   70    3  555  582 2021 2192
 560 HB7983   70    0  552  583 2021 2192
 561 HB7984   71    7  567  544 2022 2184
 562 HB7988   71    4  564  545 2022 2184
 563 HB7788   71    2  562  546 2022 2184
 564 HB8002   71    1  561  547 2022 2184
 565 HB8007   71    6  566  548 2022 2184
 566 HB8013   71    5  565  549 2022 2184
 567 HB8014   71    3  563  550 2022 2184
 568 HB8015   71    0  560  551 2022 2184
 569 HB8016   72    7  575  512 2023 2176
 570 HB8017   72    4  572  513 2023 2176
 571 HB8019   72    2  570  514 2023 2176
 572 HB8020   72    1  569  515 2023 2176
 573 HB8040   72    6  574  516 2023 2176
 574 HB8041   72    5  573  517 2023 2176
 575 HB7911   72    3  571  518 2023 2176
 576 HB8043   72    0  568  519 2023 2176
 577 HB8044   73    7  583  520 2024 2177
 578 HB8047   73    4  580  521 2024 2177
 579 HB8062   73    2  578  522 2024 2177
 580 HB8072   73    1  577  523 2024 2177
 581 HB8073   73    6  582  524 2024 2177
 582 HB8075   73    5  581  525 2024 2177
 583 HB8076   73    3  579  526 2024 2177
 584 HB8078   73    0  576  527 2024 2177
 585 HB8084   74    7  591  968 2025 2289
 586 HB8085   74    4  588  969 2025 2289
 587 HB8109   74    2  586  970 2025 2289
 588 HB8113   74    1  585  971 2025 2289
 589 HB8116   74    6  590  972 2025 2289
 590 HB8117   74    5  589  973 2025 2289
 591 HB8097   74    3  587  974 2025 2289
 592 HB8119   74    0  584  975 2025 2289
 593 HB8121   75    7  599  936 2026 2281
 594 HB8123   75    4  596  937 2026 2281
 595 HB8124   75    2  594  938 2026 2281
 596 HB8125   75    1  593  939 2026 2281
 597 HB8127   75    6  598  940 2026 2281
 598 HB8133   75    5  597  941 2026 2281
 599 HB8134   75    3  595  942 2026 2281
 600 HB8136   75    0  592  943 2026 2281
 601 HB8141   76    7  607  872 2027 2265
 602 HB8144   76    4  604  873 2027 2265
 603 HB8145   76    2  602  874 2027 2265
 604 HB8148   76    1  601  875 2027 2265
 605 HB7739   76    6  606  876 2027 2265
 606 HB7761   76    5  605  877 2027 2265
 607 HB7747   76    3  603  878 2027 2265
 608 HB7749   76    0  600  879 2027 2265
 609 HB7002   77    7  615  840 2028 2257
 610 HB7004   77    4  612  841 2028 2257
 611 HB7012   77    2  610  842 2028 2257
 612 HB7016   77    1  609  843 2028 2257
 613 HB7017   77    6  614  844 2028 2257
 614 HB7018   77    5  613  845 2028 2257
 615 HB7019   77    3  611  846 2028 2257
 616 HB7021   77    0  608  847 2028 2257
 617 HB7022   78    7  623  776 2029 2241
 618 HB7599   78    4  620  777 2029 2241
 619 HB7479   78    2  618  778 2029 2241
 620 HB7616   78    1  617  779 2029 2241
 621 HB7620   78    6  622  780 2029 2241
 622 HB7444   78    5  621  781 2029 2241
 623 HB7448   78    3  619  782 2029 2241
 624 HB7449   78    0  616  783 2029 2241
 625 HB7454   79    7  631  744 2030 2233
 626 HB7480   79    4  628  745 2030 2233
 627 HB7489   79    2  626  746 2030 2233
 628 HB7026   79    1  625  747 2030 2233
 629 HB7780   79    6  630  748 2030 2233
 630 HB7006   79    5  629  749 2030 2233
 631 HB7010   79    3  627  750 2030 2233
 632 HB7046   79    0  624  751 2030 2233
 633 HB6912   80    7  639  680 2031 2217
 634 HB6868   80    4  636  681 2031 2217
 635 HB6899   80    2  634  682 2031 2217
 636 HB6311   80    1  633  683 2031 2217
 637 HB6312   80    6  638  684 2031 2217
 638 HB7350   80    5  637  685 2031 2217
 639 HB7351   80    3  635  686 2031 2217
 640 HB7357   80    0  632  687 2031 2217
 641 HB7529   81    7  647  648 2032 2209
 642 HB7784   81    4  644  649 2032 2209
 643 HB7608   81    2  642  650 2032 2209
 644 HB7609   81    1  641  651 2032 2209
 645 HB7610   81    6  646  652 2032 2209
 646 HB7612   81    5  645  653 2032 2209
 647 HB7545   81    3  643  654 2032 2209
 648 HB7455   81    0  640  655 2032 2209
 649 HB7456   82    7  655  608 2033 2200
 650 HB7468   82    4  652  609 2033 2200
 651 HB7469   82    2  650  610 2033 2200
 652 HB7476   82    1  649  611 2033 2200
 653 HB7478   82    6  654  612 2033 2200
 654 HB7711   82    5  653  613 2033 2200
 655 HB7494   82    3  651  614 2033 2200
 656 HB7495   82    0  648  615 2033 2200
 657 HB7496   83    7  663  552 2034 2185
 658 HB7546   83    4  660  553 2034 2185
 659 HB7498   83    2  658  554 2034 2185
 660 HB7586   83    1  657  555 2034 2185
 661 HB7637   83    6  662  556 2034 2185
 662 HB7638   83    5  661  557 2034 2185
 663 HB7644   83    3  659  558 2034 2185
 664 HB7625   83    0  656  559 2034 2185
 665 HB7626   84    7  671  528 2035 2178
 666 HB7627   84    4  668  529 2035 2178
 667 HB7628   84    2  666  530 2035 2178
 668 HB7635   84    1  665  531 2035 2178
 669 HB7636   84    6  670  532 2035 2178
 670 HB7708   84    5  669  533 2035 2178
 671 HB7676   84    3  667  534 2035 2178
 672 HB7679   84    0  664  535 2035 2178
 673 HB7680   85    7  679  536 2036 2179
 674 HB7682   85    4  676  537 2036 2179
 675 HB7686   85    2  674  538 2036 2179
 676 HB7701   85    1  673  539 2036 2179
 677 HB7692   85    6  678  540 2036 2179
 678 HB7729   85    5  677  541 2036 2179
 679 HB7730   85    3  675  542 2036 2179
 680 HB7731   85    0  672  543 2036 2179
 681 HB7486   86    7  687  976 2037 2290
 682 HB7601   86    4  684  977 2037 2290
 683 HB7602   86    2  682  978 2037 2290
 684 HB7611   86    1  681  979 2037 2290
 685 HB7735   86    6  686  980 2037 2290
 686 HB7745   86    5  685  981 2037 2290
 687 HB7484   86    3  683  982 2037 2290
 688 HB7485   86    0  680  983 2037 2290
 689 HB7459   87    7  695  944 2038 2282
 690 HB7461   87    4  692  945 2038 2282
 691 HB7462   87    2  690  946 2038 2282
 692 HB7467   87    1  689  947 2038 2282
 693 HB7472   87    6  694  948 2038 2282
 694 HB7477   87    5  693  949 2038 2282
 695 HB7463   87    3  691  950 2038 2282
 696 HB7493   87    0  688  951 2038 2282
 697 HB7501   88    7  703  896 2039 2272
 698 HB7502   88    4  700  897 2039 2272
 699 HB7579   88    2  698  898 2039 2272
 700 HB5559   88    1  697  899 2039 2272
 701 HB5560   88    6  702  900 2039 2272
 702 HB5564   88    5  701  901 2039 2272
 703 HB7640   88    3  699  902 2039 2272
 704 HB7528   88    0  696  903 2039 2272
 705 HB7504   89    7  711  848 2040 2258
 706 HB7507   89    4  708  849 2040 2258
 707 HB7714   89    2  706  850 2040 2258
 708 HB7164   89    1  705  851 2040 2258
 709 HB7314   89    6  710  852 2040 2258
 710 HB7139   89    5  709  853 2040 2258
 711 HB7142   89    3  707  854 2040 2258
 712 HB7197   89    0  704  855 2040 2258
 713 HB7199   90    7  719  800 2041 2252
 714 HB7203   90    4  716  801 2041 2252
 715 HB7179   90    2  714  802 2041 2252
 716 HB7180   90    1  713  803 2041 2252
 717 HB7188   90    6  718  804 2041 2252
 718 HB7192   90    5  717  805 2041 2252
 719 HB7248   90    3  715  806 2041 2252
 720 HB7252   90    0  712  807 2041 2252
 721 HB7210   91    7  727  752 2042 2234
 722 HB7211   91    4  724  753 2042 2234
 723 HB7212   91    2  722  754 2042 2234
 724 HB7214   91    1  721  755 2042 2234
 725 HB7221   91    6  726  756 2042 2234
 726 HB7222   91    5  725  757 2042 2234
 727 HB7223   91    3  723  758 2042 2234
 728 HB7238   91    0  720  759 2042 2234
 729 HB7265   92    7  735  704 2043 2224
 730 HB7260   92    4  732  705 2043 2224
 731 HB7264   92    2  730  706 2043 2224
 732 HB7289   92    1  729  707 2043 2224
 733 HB7343   92    6  734  708 2043 2224
 734 HB7322   92    5  733  709 2043 2224
 735 HB7327   92    3  731  710 2043 2224
 736 HB7330   92    0  728  711 2043 2224
 737 HB7334   93    7  743  656 2044 2210
 738 HB7302   93    4  740  657 2044 2210
 739 HB7307   93    2  738  658 2044 2210
 740 HB7290   93    1  737  659 2044 2210
 741 HB7291   93    6  742  660 2044 2210
 742 HB7527   93    5  741  661 2044 2210
 743 HB7295   93    3  739  662 2044 2210
 744 HB7296   93    0  736  663 2044 2210
 745 HB7297   94    7  751  616 2045 2201
 746 HB7298   94    4  748  617 2045 2201
 747 HB7299   94    2  746  618 2045 2201
 748 HB7300   94    1  745  619 2045 2201
 749 HB7337   94    6  750  620 2045 2201
 750 HB7338   94    5  749  621 2045 2201
 751 HB7339   94    3  747  622 2045 2201
 752 HB7340   94    0  744  623 2045 2201
 753 HB7341   95    7  759  584 2046 2193
 754 HB7342   95    4  756  585 2046 2193
 755 HB7345   95    2  754  586 2046 2193
 756 HB7347   95    1  753  587 2046 2193
 757 HB7348   95    6  758  588 2046 2193
 758 HB7313   95    5  757  589 2046 2193
 759 HB7366   95    3  755  590 2046 2193
 760 HB7315   95    0  752  591 2046 2193
 761 HB7316   96    7  767  560 2047 2186
 762 HB7317   96    4  764  561 2047 2186
 763 HB7318   96    2  762  562 2047 2186
 764 HB7319   96    1  761  563 2047 2186
 765 HB7320   96    6  766  564 2047 2186
 766 HB7321   96    5  765  565 2047 2186
 767 HB7323   96    3  763  566 2047 2186
 768 HB7283   96    0  760  567 2047 2186
 769 HB7623   97    7  775  992 2048 2296
 770 HB7577   97    4  772  993 2048 2296
 771 HB7287   97    2  770  994 2048 2296
 772 HB7288   97    1  769  995 2048 2296
 773 HB7325   97    6  774  996 2048 2296
 774 HB7326   97    5  773  997 2048 2296
 775 HB7328   97    3  771  998 2048 2296
 776 HB7331   97    0  768  999 2048 2296
 777 HB7578   98    7  783  952 2049 2283
 778 HB7333   98    4  780  953 2049 2283
 779 HB7335   98    2  778  954 2049 2283
 780 HB7336   98    1  777  955 2049 2283
 781 HB7301   98    6  782  956 2049 2283
 782 HB7303   98    5  781  957 2049 2283
 783 HB7304   98    3  779  958 2049 2283
 784 HB7306   98    0  776  959 2049 2283
 785 HB7308   99    7  791  904 2050 2273
 786 HB7312   99    4  788  905 2050 2273
 787 HB6532   99    2  786  906 2050 2273
 788 HB7379   99    1  785  907 2050 2273
 789 HB7380   99    6  790  908 2050 2273
 790 HB7663   99    5  789  909 2050 2273
 791 HB7435   99    3  787  910 2050 2273
 792 HB7440   99    0  784  911 2050 2273
 793 HB7401  100    7  799  856 2051 2259
 794 HB7416  100    4  796  857 2051 2259
 795 HB7706  100    2  794  858 2051 2259
 796 HB7707  100    1  793  859 2051 2259
 797 HB7274  100    6  798  860 2051 2259
 798 HB7426  100    5  797  861 2051 2259
 799 HB7415  100    3  795  862 2051 2259
 800 HB8055  100    0  792  863 2051 2259
 801 HB8069  101    7  807  808 2052 2253
 802 HB8071  101    4  804  809 2052 2253
 803 HB8086  101    2  802  810 2052 2253
 804 HB8091  101    1  801  811 2052 2253
 805 HB8107  101    6  806  812 2052 2253
 806 HB8108  101    5  805  813 2052 2253
 807 HB8111  101    3  803  814 2052 2253
 808 HB8115  101    0  800  815 2052 2253
 809 HB8106  102    7  815  760 2053 2235
 810 HB8122  102    4  812  761 2053 2235
 811 HB8132  102    2  810  762 2053 2235
 812 HB8150  102    1  809  763 2053 2235
 813 HB8174  102    6  814  764 2053 2235
 814 HB8139  102    5  813  765 2053 2235
 815 HB8143  102    3  811  766 2053 2235
 816 HB8177  102    0  808  767 2053 2235
 817 HB8162  103    7  823  712 2054 2225
 818 HB8135  103    4  820  713 2054 2225
 819 HB8137  103    2  818  714 2054 2225
 820 HB8198  103    1  817  715 2054 2225
 821 HB8221  103    6  822  716 2054 2225
 822 HB8285  103    5  821  717 2054 2225
 823 HB8277  103    3  819  718 2054 2225
 824 HB8292  103    0  816  719 2054 2225
 825 HB8344  104    7  831  664 2055 2211
 826 HB8345  104    4  828  665 2055 2211
 827 HB8336  104    2  826  666 2055 2211
 828 HB8339  104    1  825  667 2055 2211
 829 HB8341  104    6  830  668 2055 2211
 830 HB8401  104    5  829  669 2055 2211
 831 HB8413  104    3  827  670 2055 2211
 832 HB8444  104    0  824  671 2055 2211
 833 HB8447  105    7  839  624 2056 2202
 834 HB8448  105    4  836  625 2056 2202
 835 HB8460  105    2  834  626 2056 2202
 836 HB8461  105    1  833  627 2056 2202
 837 HB8445  105    6  838  628 2056 2202
 838 HB8446  105    5  837  629 2056 2202
 839 HB8466  105    3  835  630 2056 2202
 840 HB8477  105    0  832  631 2056 2202
 841 HB8479  106    7  847  592 2057 2194
 842 HB8482  106    4  844  593 2057 2194
 843 HB8484  106    2  842  594 2057 2194
 844 HB8537  106    1  841  595 2057 2194
 845 HB8540  106    6  846  596 2057 2194
 846 HB8572  106    5  845  597 2057 2194
 847 HB8573  106    3  843  598 2057 2194
 848 HB8368  106    0  840  599 2057 2194
 849 HB8369  107    7  855  568 2058 2187
 850 HB8370  107    4  852  569 2058 2187
 851 HB8373  107    2  850  570 2058 2187
 852 HB8387  107    1  849  571 2058 2187
 853 HB8391  107    6  854  572 2058 2187
 854 HB7727  107    5  853  573 2058 2187
 855 HB8539  107    3  851  574 2058 2187
 856 HB8099  107    0  848  575 2058 2187
 857 HB8222  108    7  863  984 2059 2291
 858 HB8225  108    4  860  985 2059 2291
 859 HB8226  108    2  858  986 2059 2291
 860 HB8227  108    1  857  987 2059 2291
 861 HB8229  108    6  862  988 2059 2291
 862 HB8231  108    5  861  989 2059 2291
 863 HB8233  108    3  859  990 2059 2291
 864 HB8246  108    0  856  991 2059 2291
 865 HB8247  109    7  871  912 2060 2274
 866 HB8261  109    4  868  913 2060 2274
 867 HB8262  109    2  866  914 2060 2274
 868 HB8288  109    1  865  915 2060 2274
 869 HB8289  109    6  870  916 2060 2274
 870 HB8271  109    5  869  917 2060 2274
 871 HB8278  109    3  867  918 2060 2274
 872 HB8280  109    0  864  919 2060 2274
 873 HB8293  110    7  879  880 2061 2266
 874 HB8321  110    4  876  881 2061 2266
 875 HB8196  110    2  874  882 2061 2266
 876 HB8197  110    1  873  883 2061 2266
 877 HB8362  110    6  878  884 2061 2266
 878 HB8394  110    5  877  885 2061 2266
 879 HB8396  110    3  875  886 2061 2266
 880 HB8375  110    0  872  887 2061 2266
 881 HB8365  111    7  887  816 2062 2254
 882 HB8366  111    4  884  817 2062 2254
 883 HB8367  111    2  882  818 2062 2254
 884 HB8371  111    1  881  819 2062 2254
 885 HB8378  111    6  886  820 2062 2254
 886 HB8270  111    5  885  821 2062 2254
 887 HB8409  111    3  883  822 2062 2254
 888 HB8374  111    0  880  823 2062 2254
 889 HB8213  112    7  895  784 2063 2242
 890 HB8399  112    4  892  785 2063 2242
 891 HB8003  112    2  890  786 2063 2242
 892 HB8188  112    1  889  787 2063 2242
 893 HB8241  112    6  894  788 2063 2242
 894 HB8238  112    5  893  789 2063 2242
 895 HB8258  112    3  891  790 2063 2242
 896 HB8268  112    0  888  791 2063 2242
 897 HB8291  113    7  903  720 2064 2226
 898 HB8359  113    4  900  721 2064 2226
 899 HB8392  113    2  898  722 2064 2226
 900 HB8393  113    1  897  723 2064 2226
 901 HB8376  113    6  902  724 2064 2226
 902 HB8377  113    5  901  725 2064 2226
 903 HB8381  113    3  899  726 2064 2226
 904 HB8382  113    0  896  727 2064 2226
 905 HB8384  114    7  911  688 2065 2218
 906 HB8252  114    4  908  689 2065 2218
 907 HB8287  114    2  906  690 2065 2218
 908 HB8273  114    1  905  691 2065 2218
 909 HB8334  114    6  910  692 2065 2218
 910 HB6068  114    5  909  693 2065 2218
 911 HB6110  114    3  907  694 2065 2218
 912 HB6185  114    0  904  695 2065 2218
 913 HB6268  115    7  919  632 2066 2203
 914 HB6267  115    4  916  633 2066 2203
 915 HB6196  115    2  914  634 2066 2203
 916 HB6221  115    1  913  635 2066 2203
 917 HB6224  115    6  918  636 2066 2203
 918 HB6283  115    5  917  637 2066 2203
 919 HB6284  115    3  915  638 2066 2203
 920 HB6377  115    0  912  639 2066 2203
 921 HB6437  116    7  927  600 2067 2195
 922 HB5921  116    4  924  601 2067 2195
 923 HB5919  116    2  922  602 2067 2195
 924 HB6229  116    1  921  603 2067 2195
 925 HB6231  116    6  926  604 2067 2195
 926 HB6277  116    5  925  605 2067 2195
 927 HB6278  116    3  923  606 2067 2195
 928 HB6264  116    0  920  607 2067 2195
 929 HB6246  117    7  935  920 2068 2275
 930 HB6969  117    4  932  921 2068 2275
 931 HB6971  117    2  930  922 2068 2275
 932 HB6944  117    1  929  923 2068 2275
 933 HB6947  117    6  934  924 2068 2275
 934 HB6955  117    5  933  925 2068 2275
 935 HB6958  117    3  931  926 2068 2275
 936 HB6975  117    0  928  927 2068 2275
 937 HB6984  118    7  943  888 2069 2267
 938 HB6985  118    4  940  889 2069 2267
 939 HB6867  118    2  938  890 2069 2267
 940 HB6994  118    1  937  891 2069 2267
 941 HB6995  118    6  942  892 2069 2267
 942 HB7027  118    5  941  893 2069 2267
 943 HB7030  118    3  939  894 2069 2267
 944 HB7031  118    0  936  895 2069 2267
 945 HB7032  119    7  951  824 2070 2255
 946 HB7007  119    4  948  825 2070 2255
 947 HB7036  119    2  946  826 2070 2255
 948 HB7135  119    1  945  827 2070 2255
 949 HB7136  119    6  950  828 2070 2255
 950 HB7137  119    5  949  829 2070 2255
 951 HB7138  119    3  947  830 2070 2255
 952 HB7141  119    0  944  831 2070 2255
 953 HB7143  120    7  959  792 2071 2243
 954 HB7193  120    4  956  793 2071 2243
 955 HB7194  120    2  954  794 2071 2243
 956 HB7195  120    1  953  795 2071 2243
 957 HB7198  120    6  958  796 2071 2243
 958 HB7200  120    5  957  797 2071 2243
 959 HB7201  120    3  955  798 2071 2243
 960 HB7202  120    0  952  799 2071 2243
 961 HB7204  121    7  967  728 2072 2227
 962 HB7144  121    4  964  729 2072 2227
 963 HB7147  121    2  962  730 2072 2227
 964 HB7151  121    1  961  731 2072 2227
 965 HB7152  121    6  966  732 2072 2227
 966 HB7154  121    5  965  733 2072 2227
 967 HB7155  121    3  963  734 2072 2227
 968 HB7170  121    0  960  735 2072 2227
 969 HB7172  122    7  975  696 2073 2219
 970 HB7173  122    4  972  697 2073 2219
 971 HB7175  122    2  970  698 2073 2219
 972 HB7176  122    1  969  699 2073 2219
 973 HB7177  122    6  974  700 2073 2219
 974 HB6511  122    5  973  701 2073 2219
 975 HB6517  122    3  971  702 2073 2219
 976 HB6522  122    0  968  703 2073 2219
 977 HB3662  123    0  976 1511 2074 2424
 978 HB3651  123    3  979 1510 2074 2424
 979 HB3265  123    5  981 1509 2074 2424
 980 HB3505  123    6  982 1508 2074 2424
 981 HB3235  123    1  977 1507 2074 2424
 982 HB3530  123    2  978 1506 2074 2424
 983 HB3039  123    4  980 1505 2074 2424
 984 HB3180  123    7  983 1504 2074 2424
1457 HB4743  124    0  984 1503 2075 2419
1458 HB4731  124    3  987 1502 2075 2419
1459 HB4732  124    5  989 1501 2075 2419
1460 HB4734  124    6  990 1500 2075 2419
1461 HB4781  124    1  985 1499 2075 2419
1462 HB4737  124    2  986 1498 2075 2419
1463 HB4738  124    4  988 1497 2075 2419
1464 HB4739  124    7  991 1496 2075 2419
1449 HB4729  125    0  992 1471 2076 2411
1450 HB4744  125    3  995 1470 2076 2411
1451 HB4741  125    5  997 1469 2076 2411
1452 HB4742  125    6  998 1468 2076 2411
1453 HB4893  125    1  993 1467 2076 2411
1454 HB4894  125    2  994 1466 2076 2411
1455 HB4895  125    4  996 1465 2076 2411
1456 HB4899  125    7  999 1464 2076 2411
1441 HB4886  126    0 1000 1439 2077 2403
1442 HB4887  126    3 1003 1438 2077 2403
1443 HB4888  126    5 1005 1437 2077 2403
1444 HB4880  126    6 1006 1436 2077 2403
1445 HB4882  126    1 1001 1435 2077 2403
1446 HB4885  126    2 1002 1434 2077 2403
1447 HB4889  126    4 1004 1433 2077 2403
1448 HB4728  126    7 1007 1432 2077 2403
1433 HB5024  127    0 1008 1407 2078 2395
1434 HB5087  127    3 1011 1406 2078 2395
1435 HB5092  127    5 1013 1405 2078 2395
1436 HB5093  127    6 1014 1404 2078 2395
1437 HB5095  127    1 1009 1403 2078 2395
1438 HB4872  127    2 1010 1402 2078 2395
1439 HB4875  127    4 1012 1401 2078 2395
1440 HB4971  127    7 1015 1400 2078 2395
1425 HB4958  128    0 1016 1343 2079 2379
1426 HB4962  128    3 1019 1342 2079 2379
1427 HB4963  128    5 1021 1341 2079 2379
1428 HB4967  128    6 1022 1340 2079 2379
1429 HB4968  128    1 1017 1339 2079 2379
1430 HB4976  128    2 1018 1338 2079 2379
1431 HB5009  128    4 1020 1337 2079 2379
1432 HB4982  128    7 1023 1336 2079 2379
1417 HB4923  129    0 1024 1311 2080 2371
1418 HB4940  129    3 1027 1310 2080 2371
1419 HB4942  129    5 1029 1309 2080 2371
1420 HB4945  129    6 1030 1308 2080 2371
1421 HB4969  129    1 1025 1307 2080 2371
1422 HB4948  129    2 1026 1306 2080 2371
1423 HB4970  129    4 1028 1305 2080 2371
1424 HB4929  129    7 1031 1304 2080 2371
1409 HB4860  130    0 1032 1247 2081 2355
1410 HB4838  130    3 1035 1246 2081 2355
1411 HB4840  130    5 1037 1245 2081 2355
1412 HB4844  130    6 1038 1244 2081 2355
1413 HB4846  130    1 1033 1243 2081 2355
1414 HB4913  130    2 1034 1242 2081 2355
1415 HB4914  130    4 1036 1241 2081 2355
1416 HB4939  130    7 1039 1240 2081 2355
1401 HB4774  131    0 1040 1215 2082 2347
1402 HB4823  131    3 1043 1214 2082 2347
1403 HB4931  131    5 1045 1213 2082 2347
1404 HB4934  131    6 1046 1212 2082 2347
1405 HB4953  131    1 1041 1211 2082 2347
1406 HB4957  131    2 1042 1210 2082 2347
1407 HB4959  131    4 1044 1209 2082 2347
1408 HB5088  131    7 1047 1208 2082 2347
1393 HB5085  132    0 1048 1151 2083 2331
1394 HB4903  132    3 1051 1150 2083 2331
1395 HB4878  132    5 1053 1149 2083 2331
1396 HB4904  132    6 1054 1148 2083 2331
1397 HB4873  132    1 1049 1147 2083 2331
1398 HB4874  132    2 1050 1146 2083 2331
1399 HB4876  132    4 1052 1145 2083 2331
1400 HB4687  132    7 1055 1144 2083 2331
1385 HB4861  133    0 1056 1119 2084 2323
1386 HB4862  133    3 1059 1118 2084 2323
1387 HB4855  133    5 1061 1117 2084 2323
1388 HB4870  133    6 1062 1116 2084 2323
1389 HB4869  133    1 1057 1115 2084 2323
1390 HB4884  133    2 1058 1114 2084 2323
1391 HB4898  133    4 1060 1113 2084 2323
1392 HB5077  133    7 1063 1112 2084 2323
1377 HB4686  134    0 1064 1087 2085 2315
1378 HB4847  134    3 1067 1086 2085 2315
1379 HB4848  134    5 1069 1085 2085 2315
1380 HB4852  134    6 1070 1084 2085 2315
1381 HB4856  134    1 1065 1083 2085 2315
1382 HB4857  134    2 1066 1082 2085 2315
1383 HB4865  134    4 1068 1081 2085 2315
1384 HB4902  134    7 1071 1080 2085 2315
1369 HB4703  135    0 1072 1487 2086 2417
1370 HB4824  135    3 1075 1486 2086 2417
1371 HB4820  135    5 1077 1485 2086 2417
1372 HB4843  135    6 1078 1484 2086 2417
1373 HB4845  135    1 1073 1483 2086 2417
1374 HB4683  135    2 1074 1482 2086 2417
1375 HB4805  135    4 1076 1481 2086 2417
1376 HB4850  135    7 1079 1480 2086 2417
1361 HB4693  136    0 1080 1495 2087 2418
1362 HB4695  136    3 1083 1494 2087 2418
1363 HB4696  136    5 1085 1493 2087 2418
1364 HB4698  136    6 1086 1492 2087 2418
1365 HB4700  136    1 1081 1491 2087 2418
1366 HB4718  136    2 1082 1490 2087 2418
1367 HB4716  136    4 1084 1489 2087 2418
1368 HB4717  136    7 1087 1488 2087 2418
1353 HB4771  137    0 1088 1463 2088 2410
1354 HB4806  137    3 1091 1462 2088 2410
1355 HB4808  137    5 1093 1461 2088 2410
1356 HB4809  137    6 1094 1460 2088 2410
1357 HB4810  137    1 1089 1459 2088 2410
1358 HB4811  137    2 1090 1458 2088 2410
1359 HB4813  137    4 1092 1457 2088 2410
1360 HB4692  137    7 1095 1456 2088 2410
1345 HB4750  138    0 1096 1431 2089 2402
1346 HB4751  138    3 1099 1430 2089 2402
1347 HB4747  138    5 1101 1429 2089 2402
1348 HB4748  138    6 1102 1428 2089 2402
1349 HB4745  138    1 1097 1427 2089 2402
1350 HB4819  138    2 1098 1426 2089 2402
1351 HB4765  138    4 1100 1425 2089 2402
1352 HB4766  138    7 1103 1424 2089 2402
1337 HB4753  139    0 1104 1375 2090 2387
1338 HB4780  139    3 1107 1374 2090 2387
1339 HB4673  139    5 1109 1373 2090 2387
1340 HB4752  139    6 1110 1372 2090 2387
1341 HB4671  139    1 1105 1371 2090 2387
1342 HB4676  139    2 1106 1370 2090 2387
1343 HB4677  139    4 1108 1369 2090 2387
1344 HB4778  139    7 1111 1368 2090 2387
1329 HB4056  140    0 1112 1335 2091 2378
1330 HB4736  140    3 1115 1334 2091 2378
1331 HB4793  140    5 1117 1333 2091 2378
1332 HB4807  140    6 1118 1332 2091 2378
1333 HB4841  140    1 1113 1331 2091 2378
1334 HB4764  140    2 1114 1330 2091 2378
1335 HB4757  140    4 1116 1329 2091 2378
1336 HB4754  140    7 1119 1328 2091 2378
1321 HB4042  141    0 1120 1279 2092 2363
1322 HB3982  141    3 1123 1278 2092 2363
1323 HB4043  141    5 1125 1277 2092 2363
1324 HB3977  141    6 1126 1276 2092 2363
1325 HB4038  141    1 1121 1275 2092 2363
1326 HB4010  141    2 1122 1274 2092 2363
1327 HB4033  141    4 1124 1273 2092 2363
1328 HB3984  141    7 1127 1272 2092 2363
1313 HB4186  142    0 1128 1239 2093 2354
1314 HB4140  142    3 1131 1238 2093 2354
1315 HB4118  142    5 1133 1237 2093 2354
1316 HB4119  142    6 1134 1236 2093 2354
1317 HB4141  142    1 1129 1235 2093 2354
1318 HB3601  142    2 1130 1234 2093 2354
1319 HB4012  142    4 1132 1233 2093 2354
1320 HB4011  142    7 1135 1232 2093 2354
1305 HB4082  143    0 1136 1183 2094 2339
1306 HB4083  143    3 1139 1182 2094 2339
1307 HB4085  143    5 1141 1181 2094 2339
1308 HB4057  143    6 1142 1180 2094 2339
1309 HB4089  143    1 1137 1179 2094 2339
1310 HB4176  143    2 1138 1178 2094 2339
1311 HB3718  143    4 1140 1177 2094 2339
1312 HB3494  143    7 1143 1176 2094 2339
1297 HB4135  144    0 1144 1143 2095 2330
1298 HB4190  144    3 1147 1142 2095 2330
1299 HB4187  144    5 1149 1141 2095 2330
1300 HB4105  144    6 1150 1140 2095 2330
1301 HB4127  144    1 1145 1139 2095 2330
1302 HB4106  144    2 1146 1138 2095 2330
1303 HB4094  144    4 1148 1137 2095 2330
1304 HB4198  144    7 1151 1136 2095 2330
1289 HB4098  145    0 1152 1079 2096 2314
1290 HB4130  145    3 1155 1078 2096 2314
1291 HB4111  145    5 1157 1077 2096 2314
1292 HB4084  145    6 1158 1076 2096 2314
1293 HB4133  145    1 1153 1075 2096 2314
1294 HB4113  145    2 1154 1074 2096 2314
1295 HB4179  145    4 1156 1073 2096 2314
1296 HB4182  145    7 1159 1072 2096 2314
1281 HB4040  146    0 1160 1055 2097 2307
1282 HB4088  146    3 1163 1054 2097 2307
1283 HB4116  146    5 1165 1053 2097 2307
1284 HB4138  146    6 1166 1052 2097 2307
1285 HB4086  146    1 1161 1051 2097 2307
1286 HB4115  146    2 1162 1050 2097 2307
1287 HB4126  146    4 1164 1049 2097 2307
1288 HB4107  146    7 1167 1048 2097 2307
1273 HB4110  147    0 1168 1479 2098 2416
1274 HB4124  147    3 1171 1478 2098 2416
1275 HB4125  147    5 1173 1477 2098 2416
1276 HB4100  147    6 1174 1476 2098 2416
1277 HB4117  147    1 1169 1475 2098 2416
1278 HB4120  147    2 1170 1474 2098 2416
1279 HB4112  147    4 1172 1473 2098 2416
1280 HB4175  147    7 1175 1472 2098 2416
1265 HB4109  148    0 1176 1455 2099 2409
1266 HB3750  148    3 1179 1454 2099 2409
1267 HB3751  148    5 1181 1453 2099 2409
1268 HB4058  148    6 1182 1452 2099 2409
1269 HB4059  148    1 1177 1451 2099 2409
1270 HB4097  148    2 1178 1450 2099 2409
1271 HB4131  148    4 1180 1449 2099 2409
1272 HB4137  148    7 1183 1448 2099 2409
1257 HB3766  149    0 1184 1399 2100 2394
1258 HB4096  149    3 1187 1398 2100 2394
1259 HB4121  149    5 1189 1397 2100 2394
1260 HB4079  149    6 1190 1396 2100 2394
1261 HB4123  149    1 1185 1395 2100 2394
1262 HB4128  149    2 1186 1394 2100 2394
1263 HB4129  149    4 1188 1393 2100 2394
1264 HB4108  149    7 1191 1392 2100 2394
1249 HB3779  150    0 1192 1367 2101 2386
1250 HB4099  150    3 1195 1366 2101 2386
1251 HB3594  150    5 1197 1365 2101 2386
1252 HB4122  150    6 1198 1364 2101 2386
1253 HB3469  150    1 1193 1363 2101 2386
1254 HB3088  150    2 1194 1362 2101 2386
1255 HB4104  150    4 1196 1361 2101 2386
1256 HB3743  150    7 1199 1360 2101 2386
1241 HB3829  151    0 1200 1327 2102 2377
1242 HB4102  151    3 1203 1326 2102 2377
1243 HB3817  151    5 1205 1325 2102 2377
1244 HB3820  151    6 1206 1324 2102 2377
1245 HB4101  151    1 1201 1323 2102 2377
1246 HB3585  151    2 1202 1322 2102 2377
1247 HB3588  151    4 1204 1321 2102 2377
1248 HB4093  151    7 1207 1320 2102 2377
1233 HB4061  152    0 1208 1271 2103 2362
1234 HB4062  152    3 1211 1270 2103 2362
1235 HB3517  152    5 1213 1269 2103 2362
1236 HB4063  152    6 1214 1268 2103 2362
1237 HB4070  152    1 1209 1267 2103 2362
1238 HB3783  152    2 1210 1266 2103 2362
1239 HB3760  152    4 1212 1265 2103 2362
1240 HB3762  152    7 1215 1264 2103 2362
1225 HB4078  153    0 1216 1231 2104 2353
1226 HB4076  153    3 1219 1230 2104 2353
1227 HB4072  153    5 1221 1229 2104 2353
1228 HB3790  153    6 1222 1228 2104 2353
1229 HB3548  153    1 1217 1227 2104 2353
1230 HB4046  153    2 1218 1226 2104 2353
1231 HB4052  153    4 1220 1225 2104 2353
1232 HB4044  153    7 1223 1224 2104 2353
1217 HB4005  154    0 1224 1175 2105 2338
1218 HB4007  154    3 1227 1174 2105 2338
1219 HB3972  154    5 1229 1173 2105 2338
1220 HB4037  154    6 1230 1172 2105 2338
1221 HB4068  154    1 1225 1171 2105 2338
1222 HB4064  154    2 1226 1170 2105 2338
1223 HB4066  154    4 1228 1169 2105 2338
1224 HB4077  154    7 1231 1168 2105 2338
1209 HB3995  155    0 1232 1135 2106 2329
1210 HB3996  155    3 1235 1134 2106 2329
1211 HB4025  155    5 1237 1133 2106 2329
1212 HB4015  155    6 1238 1132 2106 2329
1213 HB4000  155    1 1233 1131 2106 2329
1214 HB4013  155    2 1234 1130 2106 2329
1215 HB3981  155    4 1236 1129 2106 2329
1216 HB4008  155    7 1239 1128 2106 2329
1201 HB4050  156    0 1240 1071 2107 2313
1202 HB3997  156    3 1243 1070 2107 2313
1203 HB3998  156    5 1245 1069 2107 2313
1204 HB4019  156    6 1246 1068 2107 2313
1205 HB3999  156    1 1241 1067 2107 2313
1206 HB3975  156    2 1242 1066 2107 2313
1207 HB4009  156    4 1244 1065 2107 2313
1208 HB3994  156    7 1247 1064 2107 2313
1193 HB3755  157    0 1248 1047 2108 2306
1194 HB4018  157    3 1251 1046 2108 2306
1195 HB4014  157    5 1253 1045 2108 2306
1196 HB3991  157    6 1254 1044 2108 2306
1197 HB3989  157    1 1249 1043 2108 2306
1198 HB4053  157    2 1250 1042 2108 2306
1199 HB4055  157    4 1252 1041 2108 2306
1200 HB4049  157    7 1255 1040 2108 2306
1185 HB3813  158    0 1256 1447 2109 2408
1186 HB3881  158    3 1259 1446 2109 2408
1187 HB3873  158    5 1261 1445 2109 2408
1188 HB3831  158    6 1262 1444 2109 2408
1189 HB3838  158    1 1257 1443 2109 2408
1190 HB3496  158    2 1258 1442 2109 2408
1191 HB4022  158    4 1260 1441 2109 2408
1192 HB3830  158    7 1263 1440 2109 2408
1177 HB3905  159    0 1264 1423 2110 2401
1178 HB3909  159    3 1267 1422 2110 2401
1179 HB3879  159    5 1269 1421 2110 2401
1180 HB3880  159    6 1270 1420 2110 2401
1181 HB3882  159    1 1265 1419 2110 2401
1182 HB3803  159    2 1266 1418 2110 2401
1183 HB3804  159    4 1268 1417 2110 2401
1184 HB3805  159    7 1271 1416 2110 2401
1169 HB3924  160    0 1272 1391 2111 2393
1170 HB3889  160    3 1275 1390 2111 2393
1171 HB3808  160    5 1277 1389 2111 2393
1172 HB3841  160    6 1278 1388 2111 2393
1173 HB3845  160    1 1273 1387 2111 2393
1174 HB3846  160    2 1274 1386 2111 2393
1175 HB3915  160    4 1276 1385 2111 2393
1176 HB4021  160    7 1279 1384 2111 2393
1161 HB3958  161    0 1280 1359 2112 2385
1162 HB3951  161    3 1283 1358 2112 2385
1163 HB3952  161    5 1285 1357 2112 2385
1164 HB4023  161    6 1286 1356 2112 2385
1165 HB3954  161    1 1281 1355 2112 2385
1166 HB3918  161    2 1282 1354 2112 2385
1167 HB3919  161    4 1284 1353 2112 2385
1168 HB3920  161    7 1287 1352 2112 2385
1153 HB3933  162    0 1288 1303 2113 2370
1154 HB3900  162    3 1291 1302 2113 2370
1155 HB3936  162    5 1293 1301 2113 2370
1156 HB3847  162    6 1294 1300 2113 2370
1157 HB3907  162    1 1289 1299 2113 2370
1158 HB3926  162    2 1290 1298 2113 2370
1159 HB3927  162    4 1292 1297 2113 2370
1160 HB3940  162    7 1295 1296 2113 2370
1145 HB3579  163    0 1296 1263 2114 2361
1146 HB3632  163    3 1299 1262 2114 2361
1147 HB3653  163    5 1301 1261 2114 2361
1148 HB3894  163    6 1302 1260 2114 2361
1149 HB4024  163    1 1297 1259 2114 2361
1150 HB3928  163    2 1298 1258 2114 2361
1151 HB3931  163    4 1300 1257 2114 2361
1152 HB3932  163    7 1303 1256 2114 2361
1137 HB3626  164    0 1304 1207 2115 2346
1138 HB3836  164    3 1307 1206 2115 2346
1139 HB3627  164    5 1309 1205 2115 2346
1140 HB3850  164    6 1310 1204 2115 2346
1141 HB3633  164    1 1305 1203 2115 2346
1142 HB3631  164    2 1306 1202 2115 2346
1143 HB3502  164    4 1308 1201 2115 2346
1144 HB3636  164    7 1311 1200 2115 2346
1129 HB3828  165    0 1312 1167 2116 2337
1130 HB3851  165    3 1315 1166 2116 2337
1131 HB3821  165    5 1317 1165 2116 2337
1132 HB3837  165    6 1318 1164 2116 2337
1133 HB3856  165    1 1313 1163 2116 2337
1134 HB3832  165    2 1314 1162 2116 2337
1135 HB3835  165    4 1316 1161 2116 2337
1136 HB3640  165    7 1319 1160 2116 2337
1121 HB3490  166    0 1320 1111 2117 2322
1122 HB3488  166    3 1323 1110 2117 2322
1123 HB3583  166    5 1325 1109 2117 2322
1124 HB3446  166    6 1326 1108 2117 2322
1125 HB3578  166    1 1321 1107 2117 2322
1126 HB3297  166    2 1322 1106 2117 2322
1127 HB3349  166    4 1324 1105 2117 2322
1128 HB3857  166    7 1327 1104 2117 2322
1113 HB3374  167    0 1328 1063 2118 2312
1114 HB3460  167    3 1331 1062 2118 2312
1115 HB3332  167    5 1333 1061 2118 2312
1116 HB3371  167    6 1334 1060 2118 2312
1117 HB3366  167    1 1329 1059 2118 2312
1118 HB3344  167    2 1330 1058 2118 2312
1119 HB3370  167    4 1332 1057 2118 2312
1120 HB3333  167    7 1335 1056 2118 2312
1105 HB3521  168    0 1336 1039 2119 2305
1106 HB3692  168    3 1339 1038 2119 2305
1107 HB3379  168    5 1341 1037 2119 2305
1108 HB3500  168    6 1342 1036 2119 2305
1109 HB3580  168    1 1337 1035 2119 2305
1110 HB3516  168    2 1338 1034 2119 2305
1111 HB3563  168    4 1340 1033 2119 2305
1112 HB3575  168    7 1343 1032 2119 2305
1097 HB3573  169    0 1344 1415 2120 2400
1098 HB3377  169    3 1347 1414 2120 2400
1099 HB3595  169    5 1349 1413 2120 2400
1100 HB3390  169    6 1350 1412 2120 2400
1101 HB3498  169    1 1345 1411 2120 2400
1102 HB3616  169    2 1346 1410 2120 2400
1103 HB3711  169    4 1348 1409 2120 2400
1104 HB3413  169    7 1351 1408 2120 2400
1089 HB3459  170    0 1352 1383 2121 2392
1090 HB3673  170    3 1355 1382 2121 2392
1091 HB3691  170    5 1357 1381 2121 2392
1092 HB3426  170    6 1358 1380 2121 2392
1093 HB3689  170    1 1353 1379 2121 2392
1094 HB3696  170    2 1354 1378 2121 2392
1095 HB3526  170    4 1356 1377 2121 2392
1096 HB3427  170    7 1359 1376 2121 2392
1081 HB3623  171    0 1360 1351 2122 2384
1082 HB3658  171    3 1363 1350 2122 2384
1083 HB3707  171    5 1365 1349 2122 2384
1084 HB3363  171    6 1366 1348 2122 2384
1085 HB3156  171    1 1361 1347 2122 2384
1086 HB3483  171    2 1362 1346 2122 2384
1087 HB3309  171    4 1364 1345 2122 2384
1088 HB3591  171    7 1367 1344 2122 2384
1073 HB3660  172    0 1368 1295 2123 2369
1074 HB3670  172    3 1371 1294 2123 2369
1075 HB3664  172    5 1373 1293 2123 2369
1076 HB3456  172    6 1374 1292 2123 2369
1077 HB3650  172    1 1369 1291 2123 2369
1078 HB3609  172    2 1370 1290 2123 2369
1079 HB3509  172    4 1372 1289 2123 2369
1080 HB3428  172    7 1375 1288 2123 2369
1065 HB3137  173    0 1376 1255 2124 2360
1066 HB3223  173    3 1379 1254 2124 2360
1067 HB3698  173    5 1381 1253 2124 2360
1068 HB3677  173    6 1382 1252 2124 2360
1069 HB3465  173    1 1377 1251 2124 2360
1070 HB3679  173    2 1378 1250 2124 2360
1071 HB3474  173    4 1380 1249 2124 2360
1072 HB3659  173    7 1383 1248 2124 2360
1057 HB3092  174    0 1384 1199 2125 2345
1058 HB3073  174    3 1387 1198 2125 2345
1059 HB3536  174    5 1389 1197 2125 2345
1060 HB3404  174    6 1390 1196 2125 2345
1061 HB3450  174    1 1385 1195 2125 2345
1062 HB3639  174    2 1386 1194 2125 2345
1063 HB3681  174    4 1388 1193 2125 2345
1064 HB3702  174    7 1391 1192 2125 2345
1049 HB3587  175    0 1392 1159 2126 2336
1050 HB3525  175    3 1395 1158 2126 2336
1051 HB3638  175    5 1397 1157 2126 2336
1052 HB3079  175    6 1398 1156 2126 2336
1053 HB3367  175    1 1393 1155 2126 2336
1054 HB3518  175    2 1394 1154 2126 2336
1055 HB3279  175    4 1396 1153 2126 2336
1056 HB3339  175    7 1399 1152 2126 2336
1041 HB3183  176    0 1400 1103 2127 2321
1042 HB3041  176    3 1403 1102 2127 2321
1043 HB3220  176    5 1405 1101 2127 2321
1044 HB3068  176    6 1406 1100 2127 2321
1045 HB3182  176    1 1401 1099 2127 2321
1046 HB3482  176    2 1402 1098 2127 2321
1047 HB3497  176    4 1404 1097 2127 2321
1048 HB3491  176    7 1407 1096 2127 2321
1033 HB2996  177    0 1408 1031 2128 2304
1034 HB3407  177    3 1411 1030 2128 2304
1035 HB3554  177    5 1413 1029 2128 2304
1036 HB3222  177    6 1414 1028 2128 2304
1037 HB3293  177    1 1409 1027 2128 2304
1038 HB3401  177    2 1410 1026 2128 2304
1039 HB3078  177    4 1412 1025 2128 2304
1040 HB3294  177    7 1415 1024 2128 2304
1025 HB3384  178    0 1416 1319 2129 2376
1026 HB2997  178    3 1419 1318 2129 2376
1027 HB3362  178    5 1421 1317 2129 2376
1028 HB3383  178    6 1422 1316 2129 2376
1029 HB3552  178    1 1417 1315 2129 2376
1030 HB3080  178    2 1418 1314 2129 2376
1031 HB3184  178    4 1420 1313 2129 2376
1032 HB3448  178    7 1423 1312 2129 2376
1017 HB3405  179    0 1424 1287 2130 2368
1018 HB3385  179    3 1427 1286 2130 2368
1019 HB3411  179    5 1429 1285 2130 2368
1020 HB3077  179    6 1430 1284 2130 2368
1021 HB3286  179    1 1425 1283 2130 2368
1022 HB3467  179    2 1426 1282 2130 2368
1023 HB3368  179    4 1428 1281 2130 2368
1024 HB3246  179    7 1431 1280 2130 2368
1009 HB3175  180    0 1432 1223 2131 2352
1010 HB3287  180    3 1435 1222 2131 2352
1011 HB3348  180    5 1437 1221 2131 2352
1012 HB3262  180    6 1438 1220 2131 2352
1013 HB3527  180    1 1433 1219 2131 2352
1014 HB3357  180    2 1434 1218 2131 2352
1015 HB3398  180    4 1436 1217 2131 2352
1016 HB3437  180    7 1439 1216 2131 2352
1001 HB3464  181    0 1440 1191 2132 2344
1002 HB3340  181    3 1443 1190 2132 2344
1003 HB3545  181    5 1445 1189 2132 2344
1004 HB3434  181    6 1446 1188 2132 2344
1005 HB3009  181    1 1441 1187 2132 2344
1006 HB3373  181    2 1442 1186 2132 2344
1007 HB3094  181    4 1444 1185 2132 2344
1008 HB3338  181    7 1447 1184 2132 2344
 993 HB3395  182    0 1448 1127 2133 2328
 994 HB3541  182    3 1451 1126 2133 2328
 995 HB3007  182    5 1453 1125 2133 2328
 996 HB3197  182    6 1454 1124 2133 2328
 997 HB3000  182    1 1449 1123 2133 2328
 998 HB3244  182    2 1450 1122 2133 2328
 999 HB3159  182    4 1452 1121 2133 2328
1000 HB3433  182    7 1455 1120 2133 2328
 985 HB3484  183    0 1456 1095 2134 2320
 986 HB3533  183    3 1459 1094 2134 2320
 987 HB3281  183    5 1461 1093 2134 2320
 988 HB3292  183    6 1462 1092 2134 2320
 989 HB3301  183    1 1457 1091 2134 2320
 990 HB3283  183    2 1458 1090 2134 2320
 991 HB3528  183    4 1460 1089 2134 2320
 992 HB3365  183    7 1463 1088 2134 2320
1761 HC0648  184    0 1464 1991 2135 2544
1762 HC0650  184    3 1467 1990 2135 2544
1763 HC0652  184    5 1469 1989 2135 2544
1764 HC0654  184    6 1470 1988 2135 2544
1765 HC0655  184    1 1465 1987 2135 2544
1766 HC0656  184    2 1466 1986 2135 2544
1767 HC0657  184    4 1468 1985 2135 2544
1768 HC0659  184    7 1471 1984 2135 2544
1753 HC0633  185    0 1472 1959 2136 2536
1754 HC0634  185    3 1475 1958 2136 2536
1755 HC0635  185    5 1477 1957 2136 2536
1756 HC0640  185    6 1478 1956 2136 2536
1757 HC0641  185    1 1473 1955 2136 2536
1758 HC0643  185    2 1474 1954 2136 2536
1759 HC0644  185    4 1476 1953 2136 2536
1760 HC0646  185    7 1479 1952 2136 2536
1745 HC0610  186    0 1480 1895 2137 2520
1746 HC0611  186    3 1483 1894 2137 2520
1747 HC0615  186    5 1485 1893 2137 2520
1748 HC0616  186    6 1486 1892 2137 2520
1749 HC0618  186    1 1481 1891 2137 2520
1750 HC0623  186    2 1482 1890 2137 2520
1751 HC0631  186    4 1484 1889 2137 2520
1752 HC0632  186    7 1487 1888 2137 2520
1737 HC0587  187    0 1488 1863 2138 2512
1738 HC0592  187    3 1491 1862 2138 2512
1739 HC0593  187    5 1493 1861 2138 2512
1740 HC0594  187    6 1494 1860 2138 2512
1741 HC0595  187    1 1489 1859 2138 2512
1742 HC0596  187    2 1490 1858 2138 2512
1743 HC0605  187    4 1492 1857 2138 2512
1744 HC0607  187    7 1495 1856 2138 2512
1729 HC0552  188    0 1496 1799 2139 2496
1730 HC0553  188    3 1499 1798 2139 2496
1731 HC0569  188    5 1501 1797 2139 2496
1732 HC0577  188    6 1502 1796 2139 2496
1733 HC0578  188    1 1497 1795 2139 2496
1734 HC0579  188    2 1498 1794 2139 2496
1735 HC0580  188    4 1500 1793 2139 2496
1736 HC0586  188    7 1503 1792 2139 2496
1721 HC0543  189    0 1504 1767 2140 2488
1722 HC0545  189    3 1507 1766 2140 2488
1723 HC0546  189    5 1509 1765 2140 2488
1724 HC0547  189    6 1510 1764 2140 2488
1725 HC0548  189    1 1505 1763 2140 2488
1726 HC0549  189    2 1506 1762 2140 2488
1727 HC0550  189    4 1508 1761 2140 2488
1728 HC0551  189    7 1511 1760 2140 2488
1713 HC0535  190    0 1512 1703 2141 2472
1714 HC0536  190    3 1515 1702 2141 2472
1715 HC0537  190    5 1517 1701 2141 2472
1716 HC0538  190    6 1518 1700 2141 2472
1717 HC0539  190    1 1513 1699 2141 2472
1718 HC0540  190    2 1514 1698 2141 2472
1719 HC0541  190    4 1516 1697 2141 2472
1720 HC0542  190    7 1519 1696 2141 2472
1705 HC0524  191    0 1520 1671 2142 2464
1706 HC0525  191    3 1523 1670 2142 2464
1707 HC0526  191    5 1525 1669 2142 2464
1708 HC0527  191    6 1526 1668 2142 2464
1709 HC0528  191    1 1521 1667 2142 2464
1710 HC0529  191    2 1522 1666 2142 2464
1711 HC0530  191    4 1524 1665 2142 2464
1712 HC0531  191    7 1527 1664 2142 2464
1697 HC0500  192    0 1528 1607 2143 2448
1698 HC0517  192    3 1531 1606 2143 2448
1699 HC0518  192    5 1533 1605 2143 2448
1700 HC0519  192    6 1534 1604 2143 2448
1701 HC0520  192    1 1529 1603 2143 2448
1702 HC0521  192    2 1530 1602 2143 2448
1703 HC0522  192    4 1532 1601 2143 2448
1704 HC0523  192    7 1535 1600 2143 2448
1689 HC0053  193    0 1536 1575 2144 2440
1690 HC0054  193    3 1539 1574 2144 2440
1691 HC0056  193    5 1541 1573 2144 2440
1692 HC0057  193    6 1542 1572 2144 2440
1693 HC0001  193    1 1537 1571 2144 2440
1694 HC0002  193    2 1538 1570 2144 2440
1695 HC0003  193    4 1540 1569 2144 2440
1696 HC0464  193    7 1543 1568 2144 2440
1681 HC0016  194    0 1544 1543 2145 2436
1682 HC0024  194    3 1547 1542 2145 2436
1683 HC0025  194    5 1549 1541 2145 2436
1684 HC0039  194    6 1550 1540 2145 2436
1685 HC0040  194    1 1545 1539 2145 2436
1686 HC0047  194    2 1546 1538 2145 2436
1687 HC0049  194    4 1548 1537 2145 2436
1688 HC0050  194    7 1551 1536 2145 2436
1673 HB9509  195    0 1552 1551 2146 2437
1674 HB9469  195    3 1555 1550 2146 2437
1675 HB9480  195    5 1557 1549 2146 2437
1676 HB9489  195    6 1558 1548 2146 2437
1677 HB9490  195    1 1553 1547 2146 2437
1678 HB9513  195    2 1554 1546 2146 2437
1679 HB9520  195    4 1556 1545 2146 2437
1680 HB9544  195    7 1559 1544 2146 2437
1665 HB9500  196    0 1560 1999 2147 2545
1666 HB9501  196    3 1563 1998 2147 2545
1667 HB9502  196    5 1565 1997 2147 2545
1668 HB9503  196    6 1566 1996 2147 2545
1669 HB9504  196    1 1561 1995 2147 2545
1670 HB9505  196    2 1562 1994 2147 2545
1671 HB9506  196    4 1564 1993 2147 2545
1672 HB9508  196    7 1567 1992 2147 2545
1657 HB9467  197    0 1568 1967 2148 2537
1658 HB9481  197    3 1571 1966 2148 2537
1659 HB9484  197    5 1573 1965 2148 2537
1660 HB9485  197    6 1574 1964 2148 2537
1661 HB9486  197    1 1569 1963 2148 2537
1662 HB9487  197    2 1570 1962 2148 2537
1663 HB9488  197    4 1572 1961 2148 2537
1664 HB9491  197    7 1575 1960 2148 2537
1649 HB9449  198    0 1576 1903 2149 2521
1650 HB9451  198    3 1579 1902 2149 2521
1651 HB9453  198    5 1581 1901 2149 2521
1652 HB9454  198    6 1582 1900 2149 2521
1653 HB9288  198    1 1577 1899 2149 2521
1654 HB9458  198    2 1578 1898 2149 2521
1655 HB9459  198    4 1580 1897 2149 2521
1656 HB9464  198    7 1583 1896 2149 2521
1641 HB9438  199    0 1584 1871 2150 2513
1642 HB9439  199    3 1587 1870 2150 2513
1643 HB9440  199    5 1589 1869 2150 2513
1644 HB9442  199    6 1590 1868 2150 2513
1645 HB9443  199    1 1585 1867 2150 2513
1646 HB9445  199    2 1586 1866 2150 2513
1647 HB9446  199    4 1588 1865 2150 2513
1648 HB9448  199    7 1591 1864 2150 2513
1633 HB6824  200    0 1592 1807 2151 2497
1634 HB6829  200    3 1595 1806 2151 2497
1635 HB6830  200    5 1597 1805 2151 2497
1636 HB6836  200    6 1598 1804 2151 2497
1637 HB6904  200    1 1593 1803 2151 2497
1638 HB7186  200    2 1594 1802 2151 2497
1639 HB7187  200    4 1596 1801 2151 2497
1640 HB7189  200    7 1599 1800 2151 2497
1625 HB6081  201    0 1600 1775 2152 2489
1626 HB6065  201    3 1603 1774 2152 2489
1627 HB6768  201    5 1605 1773 2152 2489
1628 HB6752  201    6 1606 1772 2152 2489
1629 HB6838  201    1 1601 1771 2152 2489
1630 HB9156  201    2 1602 1770 2152 2489
1631 HB6817  201    4 1604 1769 2152 2489
1632 HB6819  201    7 1607 1768 2152 2489
1617 HB6642  202    0 1608 1711 2153 2473
1618 HB6622  202    3 1611 1710 2153 2473
1619 HB6720  202    5 1613 1709 2153 2473
1620 HB6725  202    6 1614 1708 2153 2473
1621 HB6659  202    1 1609 1707 2153 2473
1622 HB6666  202    2 1610 1706 2153 2473
1623 HB6670  202    4 1612 1705 2153 2473
1624 HB6685  202    7 1615 1704 2153 2473
1609 HB6546  203    0 1616 1679 2154 2465
1610 HB6549  203    3 1619 1678 2154 2465
1611 HB6556  203    5 1621 1677 2154 2465
1612 HB6539  203    6 1622 1676 2154 2465
1613 HB6545  203    1 1617 1675 2154 2465
1614 HB6566  203    2 1618 1674 2154 2465
1615 HB6582  203    4 1620 1673 2154 2465
1616 HB6571  203    7 1623 1672 2154 2465
1601 HB6507  204    0 1624 1639 2155 2456
1602 HB6409  204    3 1627 1638 2155 2456
1603 HB6463  204    5 1629 1637 2155 2456
1604 HB6466  204    6 1630 1636 2155 2456
1605 HB6469  204    1 1625 1635 2155 2456
1606 HB6474  204    2 1626 1634 2155 2456
1607 HB6475  204    4 1628 1633 2155 2456
1608 HB6502  204    7 1631 2031 2155 2456
1593 HB6565  205    0 1632 1583 2156 2441
1594 HB6569  205    3 1635 1582 2156 2441
1595 HB6547  205    5 1637 1581 2156 2441
1596 HB6550  205    6 1638 1580 2156 2441
1597 HB6412  205    1 1633 1579 2156 2441
1598 HB6441  205    2 1634 1578 2156 2441
1599 HB6444  205    4 1636 1577 2156 2441
1600 HB6453  205    7 1639 1576 2156 2441
1585 HB6481  206    0 1640 1559 2157 2438
1586 HB6484  206    3 1643 1558 2157 2438
1587 HB6486  206    5 1645 1557 2157 2438
1588 HB6487  206    6 1646 1556 2157 2438
1589 HB6497  206    1 1641 1555 2157 2438
1590 HB6503  206    2 1642 1554 2157 2438
1591 HB6508  206    4 1644 1553 2157 2438
1592 HB6499  206    7 1647 1552 2157 2438
1577 HB6380  207    0 1648 1567 2158 2439
1578 HB6456  207    3 1651 1566 2158 2439
1579 HB5818  207    5 1653 1565 2158 2439
1580 HB6470  207    6 1654 1564 2158 2439
1581 HB6476  207    1 1649 1563 2158 2439
1582 HB6478  207    2 1650 1562 2158 2439
1583 HB6483  207    4 1652 1561 2158 2439
1584 HB6479  207    7 1655 1560 2158 2439
1569 HB6415  208    0 1656 2007 2159 2546
1570 HB6419  208    3 1659 2006 2159 2546
1571 HB6430  208    5 1661 2005 2159 2546
1572 HB6420  208    6 1662 2004 2159 2546
1573 HB6411  208    1 1657 2003 2159 2546
1574 HB6391  208    2 1658 2002 2159 2546
1575 HB6395  208    4 1660 2001 2159 2546
1576 HB6379  208    7 1663 2000 2159 2546
1561 HB6328  209    0 1664 1975 2160 2538
1562 HB6316  209    3 1667 1974 2160 2538
1563 HB6322  209    5 1669 1973 2160 2538
1564 HB6340  209    6 1670 1972 2160 2538
1565 HB6342  209    1 1665 1971 2160 2538
1566 HB6346  209    2 1666 1970 2160 2538
1567 HB6351  209    4 1668 1969 2160 2538
1568 HB6431  209    7 1671 1968 2160 2538
1553 HB6217  210    0 1672 1927 2161 2528
1554 HB6219  210    3 1675 1926 2161 2528
1555 HB6225  210    5 1677 1925 2161 2528
1556 HB6269  210    6 1678 1924 2161 2528
1557 HB6270  210    1 1673 1923 2161 2528
1558 HB6301  210    2 1674 1922 2161 2528
1559 HB6352  210    4 1676 1921 2161 2528
1560 HB6366  210    7 1679 1920 2161 2528
1545 HB7134  211    0 1680 1879 2162 2514
1546 HB7161  211    3 1683 1878 2162 2514
1547 HB7163  211    5 1685 1877 2162 2514
1548 HB5446  211    6 1686 1876 2162 2514
1549 HB7040  211    1 1681 1875 2162 2514
1550 HB7041  211    2 1682 1874 2162 2514
1551 HB7038  211    4 1684 1873 2162 2514
1552 HB7039  211    7 1687 1872 2162 2514
1537 HB6866  212    0 1688 1831 2163 2504
1538 HB6834  212    3 1691 1830 2163 2504
1539 HB6962  212    5 1693 1829 2163 2504
1540 HB6968  212    6 1694 1828 2163 2504
1541 HB6941  212    1 1689 1827 2163 2504
1542 HB7130  212    2 1690 1826 2163 2504
1543 HB7166  212    4 1692 1825 2163 2504
1544 HB7133  212    7 1695 1824 2163 2504
1529 HB6292  213    0 1696 1783 2164 2490
1530 HB6309  213    3 1699 1782 2164 2490
1531 HB6288  213    5 1701 1781 2164 2490
1532 HB6331  213    6 1702 1780 2164 2490
1533 HB6993  213    1 1697 1779 2164 2490
1534 HB7011  213    2 1698 1778 2164 2490
1535 HB6883  213    4 1700 1777 2164 2490
1536 HB6687  213    7 1703 1776 2164 2490
1521 HB6942  214    0 1704 1735 2165 2480
1522 HB6936  214    3 1707 1734 2165 2480
1523 HB7169  214    5 1709 1733 2165 2480
1524 HB7182  214    6 1710 1732 2165 2480
1525 HB7184  214    1 1705 1731 2165 2480
1526 HB7000  214    2 1706 1730 2165 2480
1527 HB7165  214    4 1708 1729 2165 2480
1528 HB5413  214    7 1711 1728 2165 2480
1513 HB6300  215    0 1712 1687 2166 2466
1514 HB6319  215    3 1715 1686 2166 2466
1515 HB6333  215    5 1717 1685 2166 2466
1516 HB9234  215    6 1718 1684 2166 2466
1517 HB6334  215    1 1713 1683 2166 2466
1518 HB6551  215    2 1714 1682 2166 2466
1519 HB6727  215    4 1716 1681 2166 2466
1520 HB6677  215    7 1719 1680 2166 2466
1505 HB7185  216    0 1720 1647 2167 2457
1506 HB7042  216    3 1723 1646 2167 2457
1507 HB7056  216    5 1725 1645 2167 2457
1508 HB7072  216    6 1726 1644 2167 2457
1509 HB7068  216    1 1721 1643 2167 2457
1510 HB6553  216    2 1722 1642 2167 2457
1511 HB7048  216    4 1724 1641 2167 2457
1512 HB6996  216    7 1727 1640 2167 2457
1497 HB6559  217    0 1728 1615 2168 2449
1498 HB6560  217    3 1731 1614 2168 2449
1499 HB6561  217    5 1733 1613 2168 2449
1500 HB6570  217    6 1734 1612 2168 2449
1501 HB7001  217    1 1729 1611 2168 2449
1502 HB7003  217    2 1730 1610 2168 2449
1503 HB7008  217    4 1732 1609 2168 2449
1504 HB7181  217    7 1735 1608 2168 2449
1489 HB6524  218    0 1736 1591 2169 2442
1490 HB6526  218    3 1739 1590 2169 2442
1491 HB6530  218    5 1741 1589 2169 2442
1492 HB6538  218    6 1742 1588 2169 2442
1493 HB6533  218    1 1737 1587 2169 2442
1494 HB6535  218    2 1738 1586 2169 2442
1495 HB6536  218    4 1740 1585 2169 2442
1496 HB6543  218    7 1743 1584 2169 2442
1481 HB5016  219    0 1744 2023 2170 2552
1482 HB4918  219    3 1747 2022 2170 2552
1483 HB4919  219    5 1749 2021 2170 2552
1484 HB4943  219    6 1750 2020 2170 2552
1485 HB4930  219    1 1745 2019 2170 2552
1486 HB4932  219    2 1746 2018 2170 2552
1487 HB4955  219    4 1748 2017 2170 2552
1488 HB4892  219    7 1751 2016 2170 2552
1473 HB4965  220    0 1752 1983 2171 2539
1474 HB4920  220    3 1755 1982 2171 2539
1475 HB4924  220    5 1757 1981 2171 2539
1476 HB4941  220    6 1758 1980 2171 2539
1477 HB4974  220    1 1753 1979 2171 2539
1478 HB5202  220    2 1754 1978 2171 2539
1479 HB5056  220    4 1756 1977 2171 2539
1480 HB4916  220    7 1759 1976 2171 2539
1465 HB4740  221    0 1760 1935 2172 2529
1466 HB4946  221    3 1763 1934 2172 2529
1467 HB4937  221    5 1765 1933 2172 2529
1468 HB4956  221    6 1766 1932 2172 2529
1469 HB4907  221    1 1761 1931 2172 2529
1470 HB4908  221    2 1762 1930 2172 2529
1471 HB4911  221    4 1764 1929 2172 2529
1472 HB4960  221    7 1767 1928 2172 2529
1945 HB9816  222    0 1768 1887 2173 2515
1946 HB9818  222    3 1771 1886 2173 2515
1947 HB9820  222    5 1773 1885 2173 2515
1948 HB9821  222    6 1774 1884 2173 2515
1949 HB9822  222    1 1769 1883 2173 2515
1950 HB9834  222    2 1770 1882 2173 2515
1951 HB9836  222    4 1772 1881 2173 2515
1952 HB9840  222    7 1775 1880 2173 2515
1937 HB9808  223    0 1776 1839 2174 2505
1938 HB9809  223    3 1779 1838 2174 2505
1939 HB9810  223    5 1781 1837 2174 2505
1940 HB9811  223    6 1782 1836 2174 2505
1941 HB9812  223    1 1777 1835 2174 2505
1942 HB9813  223    2 1778 1834 2174 2505
1943 HB9814  223    4 1780 1833 2174 2505
1944 HB9815  223    7 1783 1832 2174 2505
1929 HB9793  224    0 1784 1791 2175 2491
1930 HB9794  224    3 1787 1790 2175 2491
1931 HB9797  224    5 1789 1789 2175 2491
1932 HB9798  224    6 1790 1788 2175 2491
1933 HB9803  224    1 1785 1787 2175 2491
1934 HB9804  224    2 1786 1786 2175 2491
1935 HB9806  224    4 1788 1785 2175 2491
1936 HB9807  224    7 1791 1784 2175 2491
1921 HB9780  225    0 1792 1743 2176 2481
1922 HB9781  225    3 1795 1742 2176 2481
1923 HB9782  225    5 1797 1741 2176 2481
1924 HB9783  225    6 1798 1740 2176 2481
1925 HB9786  225    1 1793 1739 2176 2481
1926 HB9787  225    2 1794 1738 2176 2481
1927 HB9788  225    4 1796 1737 2176 2481
1928 HB9789  225    7 1799 1736 2176 2481
1913 HB9753  226    0 1800 1695 2177 2467
1914 HB9754  226    3 1803 1694 2177 2467
1915 HB9755  226    5 1805 1693 2177 2467
1916 HB9757  226    6 1806 1692 2177 2467
1917 HB9759  226    1 1801 1691 2177 2467
1918 HB9761  226    2 1802 1690 2177 2467
1919 HB9766  226    4 1804 1689 2177 2467
1920 HB9770  226    7 1807 1688 2177 2467
1905 HB1047  227    0 1808 1655 2178 2458
1906 HB0909  227    3 1811 1654 2178 2458
1907 HB0959  227    5 1813 1653 2178 2458
1908 HB1017  227    6 1814 1652 2178 2458
1909 HB0816  227    1 1809 1651 2178 2458
1910 HB0977  227    2 1810 1650 2178 2458
1911 HB0926  227    4 1812 1649 2178 2458
1912 HB0641  227    7 1815 1648 2178 2458
1897 HB1165  228    0 1816 1623 2179 2450
1898 HB1030  228    3 1819 1622 2179 2450
1899 HB1131  228    5 1821 1621 2179 2450
1900 HB0712  228    6 1822 1620 2179 2450
1901 HB1059  228    1 1817 1619 2179 2450
1902 HB0699  228    2 1818 1618 2179 2450
1903 HB0837  228    4 1820 1617 2179 2450
1904 HB0809  228    7 1823 1616 2179 2450
1889 HB1742  229    0 1824 1599 2180 2443
1890 HB1016  229    3 1827 1598 2180 2443
1891 HB0917  229    5 1829 1597 2180 2443
1892 HB0918  229    6 1830 1596 2180 2443
1893 HB0935  229    1 1825 1595 2180 2443
1894 HB0934  229    2 1826 1594 2180 2443
1895 HB1132  229    4 1828 1593 2180 2443
1896 HB1168  229    7 1831 1592 2180 2443
1881 HB2012  230    0 1832 2015 2181 2547
1882 HB1970  230    3 1835 2014 2181 2547
1883 HB1968  230    5 1837 2013 2181 2547
1884 HB1743  230    6 1838 2012 2181 2547
1885 HB1964  230    1 1833 2011 2181 2547
1886 HB1777  230    2 1834 2010 2181 2547
1887 HB2009  230    4 1836 2009 2181 2547
1888 HB1859  230    7 1839 2008 2181 2547
1873 HB1761  231    0 1840 1943 2182 2530
1874 HB1914  231    3 1843 1942 2182 2530
1875 HB1719  231    5 1845 1941 2182 2530
1876 HB1815  231    6 1846 1940 2182 2530
1877 HB1753  231    1 1841 1939 2182 2530
1878 HB1990  231    2 1842 1938 2182 2530
1879 HB1720  231    4 1844 1937 2182 2530
1880 HB1969  231    7 1847 1936 2182 2530
1865 HB1956  232    0 1848 1911 2183 2522
1866 HB1963  232    3 1851 1910 2183 2522
1867 HB1862  232    5 1853 1909 2183 2522
1868 HB1765  232    6 1854 1908 2183 2522
1869 HB1950  232    1 1849 1907 2183 2522
1870 HB1919  232    2 1850 1906 2183 2522
1871 HB1836  232    4 1852 1905 2183 2522
1872 HB1818  232    7 1855 1904 2183 2522
1857 HB2002  233    0 1856 1847 2184 2506
1858 HB1999  233    3 1859 1846 2184 2506
1859 HB1986  233    5 1861 1845 2184 2506
1860 HB1988  233    6 1862 1844 2184 2506
1861 HB1989  233    1 1857 1843 2184 2506
1862 HB1984  233    2 1858 1842 2184 2506
1863 HB1961  233    4 1860 1841 2184 2506
1864 HB1860  233    7 1863 1840 2184 2506
1849 HC0780  234    0 1864 1815 2185 2498
1850 HB1029  234    3 1867 1814 2185 2498
1851 HB1903  234    5 1869 1813 2185 2498
1852 HB1908  234    6 1870 1812 2185 2498
1853 HB1931  234    1 1865 1811 2185 2498
1854 HB1901  234    2 1866 1810 2185 2498
1855 HB1993  234    4 1868 1809 2185 2498
1856 HB2003  234    7 1871 1808 2185 2498
1841 HC0752  235    0 1872 1751 2186 2482
1842 HC0753  235    3 1875 1750 2186 2482
1843 HC0754  235    5 1877 1749 2186 2482
1844 HC0755  235    6 1878 1748 2186 2482
1845 HC0756  235    1 1873 1747 2186 2482
1846 HC0761  235    2 1874 1746 2186 2482
1847 HC0774  235    4 1876 1745 2186 2482
1848 HC0777  235    7 1879 1744 2186 2482
1833 HC0733  236    0 1880 1719 2187 2474
1834 HC0734  236    3 1883 1718 2187 2474
1835 HC0736  236    5 1885 1717 2187 2474
1836 HC0737  236    6 1886 1716 2187 2474
1837 HC0738  236    1 1881 1715 2187 2474
1838 HC0739  236    2 1882 1714 2187 2474
1839 HC0745  236    4 1884 1713 2187 2474
1840 HC0751  236    7 1887 1712 2187 2474
1825 HC0723  237    0 1888 1663 2188 2459
1826 HC0724  237    3 1891 1662 2188 2459
1827 HC0725  237    5 1893 1661 2188 2459
1828 HC0726  237    6 1894 1660 2188 2459
1829 HC0727  237    1 1889 1659 2188 2459
1830 HC0729  237    2 1890 1658 2188 2459
1831 HC0730  237    4 1892 1657 2188 2459
1832 HC0732  237    7 1895 1656 2188 2459
1817 HC0472  238    0 1896 1631 2189 2451
1818 HC0716  238    3 1899 1630 2189 2451
1819 HC0717  238    5 1901 1629 2189 2451
1820 HC0718  238    6 1902 1628 2189 2451
1821 HC0719  238    1 1897 1627 2189 2451
1822 HC0720  238    2 1898 1626 2189 2451
1823 HC0721  238    4 1900 1625 2189 2451
1824 HC0722  238    7 1903 1624 2189 2451
1809 HC0707  239    0 1904 1951 2190 2531
1810 HC0708  239    3 1907 1950 2190 2531
1811 HC0709  239    5 1909 1949 2190 2531
1812 HC0711  239    6 1910 1948 2190 2531
1813 HC0712  239    1 1905 1947 2190 2531
1814 HC0713  239    2 1906 1946 2190 2531
1815 HC0466  239    4 1908 1945 2190 2531
1816 HC0467  239    7 1911 1944 2190 2531
1801 HC0698  240    0 1912 1919 2191 2523
1802 HC0699  240    3 1915 1918 2191 2523
1803 HC0701  240    5 1917 1917 2191 2523
1804 HC0702  240    6 1918 1916 2191 2523
1805 HC0703  240    1 1913 1915 2191 2523
1806 HC0704  240    2 1914 1914 2191 2523
1807 HC0705  240    4 1916 1913 2191 2523
1808 HC0706  240    7 1919 1912 2191 2523
1793 HC0690  241    0 1920 1855 2192 2507
1794 HC0691  241    3 1923 1854 2192 2507
1795 HC0692  241    5 1925 1853 2192 2507
1796 HC0693  241    6 1926 1852 2192 2507
1797 HC0694  241    1 1921 1851 2192 2507
1798 HC0695  241    2 1922 1850 2192 2507
1799 HC0696  241    4 1924 1849 2192 2507
1800 HC0697  241    7 1927 1848 2192 2507
1785 HC0680  242    0 1928 1823 2193 2499
1786 HC0683  242    3 1931 1822 2193 2499
1787 HC0684  242    5 1933 1821 2193 2499
1788 HC0685  242    6 1934 1820 2193 2499
1789 HC0686  242    1 1929 1819 2193 2499
1790 HC0687  242    2 1930 1818 2193 2499
1791 HC0688  242    4 1932 1817 2193 2499
1792 HC0689  242    7 1935 1816 2193 2499
1777 HC0669  243    0 1936 1759 2194 2483
1778 HC0670  243    3 1939 1758 2194 2483
1779 HC0672  243    5 1941 1757 2194 2483
1780 HC0673  243    6 1942 1756 2194 2483
1781 HC0675  243    1 1937 1755 2194 2483
1782 HC0676  243    2 1938 1754 2194 2483
1783 HC0677  243    4 1940 1753 2194 2483
1784 HC0678  243    7 1943 1752 2194 2483
1769 HC0661  244    0 1944 1727 2195 2475
1770 HC0662  244    3 1947 1726 2195 2475
1771 HC0663  244    5 1949 1725 2195 2475
1772 HC0664  244    6 1950 1724 2195 2475
1773 HC0665  244    1 1945 1723 2195 2475
1774 HC0666  244    2 1946 1722 2195 2475
1775 HC0667  244    4 1948 1721 2195 2475
1776 HC0668  244    7 1951 1720 2195 2475
