 439    0
 436    1
 434    2
 433    3
 438    4
 437    5
 435    6
 432    7
 367    8
 364    9
 362   10
 361   11
 366   12
 365   13
 363   14
 360   15
 279   16
 276   17
 274   18
 273   19
 278   20
 277   21
 275   22
 272   23
 191   24
 188   25
 186   26
 185   27
 190   28
 189   29
 187   30
 184   31
 359   32
 356   33
 354   34
 353   35
 358   36
 357   37
 355   38
 352   39
 271   40
 268   41
 266   42
 265   43
 270   44
 269   45
 267   46
 264   47
 183   48
 180   49
 178   50
 177   51
 182   52
 181   53
 179   54
 176   55
  95   56
  92   57
  90   58
  89   59
  94   60
  93   61
  91   62
  88   63
 487   64
 484   65
 482   66
 481   67
 486   68
 485   69
 483   70
 480   71
 431   72
 428   73
 426   74
 425   75
 430   76
 429   77
 427   78
 424   79
 351   80
 348   81
 346   82
 345   83
 350   84
 349   85
 347   86
 344   87
  87   88
  84   89
  82   90
  81   91
  86   92
  85   93
  83   94
  80   95
 479   96
 476   97
 474   98
 473   99
 478  100
 477  101
 475  102
 472  103
 263  104
 260  105
 258  106
 257  107
 262  108
 261  109
 259  110
 256  111
 175  112
 172  113
 170  114
 169  115
 174  116
 173  117
 171  118
 168  119
  79  120
  76  121
  74  122
  73  123
  78  124
  77  125
  75  126
  72  127
 423  128
 420  129
 418  130
 417  131
 422  132
 421  133
 419  134
 416  135
 343  136
 340  137
 338  138
 337  139
 342  140
 341  141
 339  142
 336  143
 255  144
 252  145
 250  146
 249  147
 254  148
 253  149
 251  150
 248  151
 167  152
 164  153
 162  154
 161  155
 166  156
 165  157
 163  158
 160  159
 471  160
 468  161
 466  162
 465  163
 470  164
 469  165
 467  166
 464  167
 415  168
 412  169
 410  170
 409  171
 414  172
 413  173
 411  174
 408  175
 335  176
 332  177
 330  178
 329  179
 334  180
 333  181
 331  182
 328  183
  71  184
  68  185
  66  186
  65  187
  70  188
  69  189
  67  190
  64  191
 463  192
 460  193
 458  194
 457  195
 462  196
 461  197
 459  198
 456  199
 247  200
 244  201
 242  202
 241  203
 246  204
 245  205
 243  206
 240  207
 159  208
 156  209
 154  210
 153  211
 158  212
 157  213
 155  214
 152  215
  63  216
  60  217
  58  218
  57  219
  62  220
  61  221
  59  222
  56  223
 407  224
 404  225
 402  226
 401  227
 406  228
 405  229
 403  230
 400  231
 327  232
 324  233
 322  234
 321  235
 326  236
 325  237
 323  238
 320  239
 239  240
 236  241
 234  242
 233  243
 238  244
 237  245
 235  246
 232  247
 151  248
 148  249
 146  250
 145  251
 150  252
 149  253
 147  254
 144  255
 455  256
 452  257
 450  258
 449  259
 454  260
 453  261
 451  262
 448  263
 399  264
 396  265
 394  266
 393  267
 398  268
 397  269
 395  270
 392  271
 319  272
 316  273
 314  274
 313  275
 318  276
 317  277
 315  278
 312  279
  55  280
  52  281
  50  282
  49  283
  54  284
  53  285
  51  286
  48  287
 447  288
 444  289
 442  290
 441  291
 446  292
 445  293
 443  294
 440  295
 231  296
 228  297
 226  298
 225  299
 230  300
 229  301
 227  302
 224  303
 143  304
 140  305
 138  306
 137  307
 142  308
 141  309
 139  310
 136  311
  47  312
  44  313
  42  314
  41  315
  46  316
  45  317
  43  318
  40  319
 391  320
 388  321
 386  322
 385  323
 390  324
 389  325
 387  326
 384  327
 311  328
 308  329
 306  330
 305  331
 310  332
 309  333
 307  334
 304  335
 223  336
 220  337
 218  338
 217  339
 222  340
 221  341
 219  342
 216  343
 135  344
 132  345
 130  346
 129  347
 134  348
 133  349
 131  350
 128  351
 383  352
 380  353
 378  354
 377  355
 382  356
 381  357
 379  358
 376  359
 303  360
 300  361
 298  362
 297  363
 302  364
 301  365
 299  366
 296  367
 215  368
 212  369
 210  370
 209  371
 214  372
 213  373
 211  374
 208  375
  39  376
  36  377
  34  378
  33  379
  38  380
  37  381
  35  382
  32  383
 375  384
 372  385
 370  386
 369  387
 374  388
 373  389
 371  390
 368  391
 295  392
 292  393
 290  394
 289  395
 294  396
 293  397
 291  398
 288  399
 127  400
 124  401
 122  402
 121  403
 126  404
 125  405
 123  406
 120  407
  31  408
  28  409
  26  410
  25  411
  30  412
  29  413
  27  414
  24  415
 287  416
 284  417
 282  418
 281  419
 286  420
 285  421
 283  422
 280  423
 207  424
 204  425
 202  426
 201  427
 206  428
 205  429
 203  430
 200  431
 119  432
 116  433
 114  434
 113  435
 118  436
 117  437
 115  438
 112  439
  23  440
  20  441
  18  442
  17  443
  22  444
  21  445
  19  446
  16  447
 199  448
 196  449
 194  450
 193  451
 198  452
 197  453
 195  454
 192  455
 103  456
 100  457
  98  458
  97  459
 102  460
 101  461
  99  462
  96  463
 111  464
 108  465
 106  466
 105  467
 110  468
 109  469
 107  470
 104  471
  15  472
  12  473
  10  474
   9  475
  14  476
  13  477
  11  478
   8  479
   7  480
   4  481
   2  482
   1  483
   6  484
   5  485
   3  486
   0  487
 575  512
 572  513
 570  514
 569  515
 574  516
 573  517
 571  518
 568  519
 583  520
 580  521
 578  522
 577  523
 582  524
 581  525
 579  526
 576  527
 671  528
 668  529
 666  530
 665  531
 670  532
 669  533
 667  534
 664  535
 679  536
 676  537
 674  538
 673  539
 678  540
 677  541
 675  542
 672  543
 567  544
 564  545
 562  546
 561  547
 566  548
 565  549
 563  550
 560  551
 663  552
 660  553
 658  554
 657  555
 662  556
 661  557
 659  558
 656  559
 767  560
 764  561
 762  562
 761  563
 766  564
 765  565
 763  566
 760  567
 855  568
 852  569
 850  570
 849  571
 854  572
 853  573
 851  574
 848  575
 559  576
 556  577
 554  578
 553  579
 558  580
 557  581
 555  582
 552  583
 759  584
 756  585
 754  586
 753  587
 758  588
 757  589
 755  590
 752  591
 847  592
 844  593
 842  594
 841  595
 846  596
 845  597
 843  598
 840  599
 927  600
 924  601
 922  602
 921  603
 926  604
 925  605
 923  606
 920  607
 655  608
 652  609
 650  610
 649  611
 654  612
 653  613
 651  614
 648  615
 751  616
 748  617
 746  618
 745  619
 750  620
 749  621
 747  622
 744  623
 839  624
 836  625
 834  626
 833  627
 838  628
 837  629
 835  630
 832  631
 919  632
 916  633
 914  634
 913  635
 918  636
 917  637
 915  638
 912  639
 551  640
 548  641
 546  642
 545  643
 550  644
 549  645
 547  646
 544  647
 647  648
 644  649
 642  650
 641  651
 646  652
 645  653
 643  654
 640  655
 743  656
 740  657
 738  658
 737  659
 742  660
 741  661
 739  662
 736  663
 831  664
 828  665
 826  666
 825  667
 830  668
 829  669
 827  670
 824  671
 543  672
 540  673
 538  674
 537  675
 542  676
 541  677
 539  678
 536  679
 639  680
 636  681
 634  682
 633  683
 638  684
 637  685
 635  686
 632  687
 911  688
 908  689
 906  690
 905  691
 910  692
 909  693
 907  694
 904  695
 975  696
 972  697
 970  698
 969  699
 974  700
 973  701
 971  702
 968  703
 735  704
 732  705
 730  706
 729  707
 734  708
 733  709
 731  710
 728  711
 823  712
 820  713
 818  714
 817  715
 822  716
 821  717
 819  718
 816  719
 903  720
 900  721
 898  722
 897  723
 902  724
 901  725
 899  726
 896  727
 967  728
 964  729
 962  730
 961  731
 966  732
 965  733
 963  734
 960  735
 535  736
 532  737
 530  738
 529  739
 534  740
 533  741
 531  742
 528  743
 631  744
 628  745
 626  746
 625  747
 630  748
 629  749
 627  750
 624  751
 727  752
 724  753
 722  754
 721  755
 726  756
 725  757
 723  758
 720  759
 815  760
 812  761
 810  762
 809  763
 814  764
 813  765
 811  766
 808  767
 527  768
 524  769
 522  770
 521  771
 526  772
 525  773
 523  774
 520  775
 623  776
 620  777
 618  778
 617  779
 622  780
 621  781
 619  782
 616  783
 895  784
 892  785
 890  786
 889  787
 894  788
 893  789
 891  790
 888  791
 959  792
 956  793
 954  794
 953  795
 958  796
 957  797
 955  798
 952  799
 719  800
 716  801
 714  802
 713  803
 718  804
 717  805
 715  806
 712  807
 807  808
 804  809
 802  810
 801  811
 806  812
 805  813
 803  814
 800  815
 887  816
 884  817
 882  818
 881  819
 886  820
 885  821
 883  822
 880  823
 951  824
 948  825
 946  826
 945  827
 950  828
 949  829
 947  830
 944  831
 519  832
 516  833
 514  834
 513  835
 518  836
 517  837
 515  838
 512  839
 615  840
 612  841
 610  842
 609  843
 614  844
 613  845
 611  846
 608  847
 711  848
 708  849
 706  850
 705  851
 710  852
 709  853
 707  854
 704  855
 799  856
 796  857
 794  858
 793  859
 798  860
 797  861
 795  862
 792  863
 511  864
 508  865
 506  866
 505  867
 510  868
 509  869
 507  870
 504  871
 607  872
 604  873
 602  874
 601  875
 606  876
 605  877
 603  878
 600  879
 879  880
 876  881
 874  882
 873  883
 878  884
 877  885
 875  886
 872  887
 943  888
 940  889
 938  890
 937  891
 942  892
 941  893
 939  894
 936  895
 703  896
 700  897
 698  898
 697  899
 702  900
 701  901
 699  902
 696  903
 791  904
 788  905
 786  906
 785  907
 790  908
 789  909
 787  910
 784  911
 871  912
 868  913
 866  914
 865  915
 870  916
 869  917
 867  918
 864  919
 935  920
 932  921
 930  922
 929  923
 934  924
 933  925
 931  926
 928  927
 503  928
 500  929
 498  930
 497  931
 502  932
 501  933
 499  934
 496  935
 599  936
 596  937
 594  938
 593  939
 598  940
 597  941
 595  942
 592  943
 695  944
 692  945
 690  946
 689  947
 694  948
 693  949
 691  950
 688  951
 783  952
 780  953
 778  954
 777  955
 782  956
 781  957
 779  958
 776  959
 495  960
 492  961
 490  962
 489  963
 494  964
 493  965
 491  966
 488  967
 591  968
 588  969
 586  970
 585  971
 590  972
 589  973
 587  974
 584  975
 687  976
 684  977
 682  978
 681  979
 686  980
 685  981
 683  982
 680  983
 863  984
 860  985
 858  986
 857  987
 862  988
 861  989
 859  990
 856  991
 775  992
 772  993
 770  994
 769  995
 774  996
 773  997
 771  998
 768  999
1415 1024
1412 1025
1410 1026
1409 1027
1414 1028
1413 1029
1411 1030
1408 1031
1343 1032
1340 1033
1338 1034
1337 1035
1342 1036
1341 1037
1339 1038
1336 1039
1255 1040
1252 1041
1250 1042
1249 1043
1254 1044
1253 1045
1251 1046
1248 1047
1167 1048
1164 1049
1162 1050
1161 1051
1166 1052
1165 1053
1163 1054
1160 1055
1335 1056
1332 1057
1330 1058
1329 1059
1334 1060
1333 1061
1331 1062
1328 1063
1247 1064
1244 1065
1242 1066
1241 1067
1246 1068
1245 1069
1243 1070
1240 1071
1159 1072
1156 1073
1154 1074
1153 1075
1158 1076
1157 1077
1155 1078
1152 1079
1071 1080
1068 1081
1066 1082
1065 1083
1070 1084
1069 1085
1067 1086
1064 1087
1463 1088
1460 1089
1458 1090
1457 1091
1462 1092
1461 1093
1459 1094
1456 1095
1407 1096
1404 1097
1402 1098
1401 1099
1406 1100
1405 1101
1403 1102
1400 1103
1327 1104
1324 1105
1322 1106
1321 1107
1326 1108
1325 1109
1323 1110
1320 1111
1063 1112
1060 1113
1058 1114
1057 1115
1062 1116
1061 1117
1059 1118
1056 1119
1455 1120
1452 1121
1450 1122
1449 1123
1454 1124
1453 1125
1451 1126
1448 1127
1239 1128
1236 1129
1234 1130
1233 1131
1238 1132
1237 1133
1235 1134
1232 1135
1151 1136
1148 1137
1146 1138
1145 1139
1150 1140
1149 1141
1147 1142
1144 1143
1055 1144
1052 1145
1050 1146
1049 1147
1054 1148
1053 1149
1051 1150
1048 1151
1399 1152
1396 1153
1394 1154
1393 1155
1398 1156
1397 1157
1395 1158
1392 1159
1319 1160
1316 1161
1314 1162
1313 1163
1318 1164
1317 1165
1315 1166
1312 1167
1231 1168
1228 1169
1226 1170
1225 1171
1230 1172
1229 1173
1227 1174
1224 1175
1143 1176
1140 1177
1138 1178
1137 1179
1142 1180
1141 1181
1139 1182
1136 1183
1447 1184
1444 1185
1442 1186
1441 1187
1446 1188
1445 1189
1443 1190
1440 1191
1391 1192
1388 1193
1386 1194
1385 1195
1390 1196
1389 1197
1387 1198
1384 1199
1311 1200
1308 1201
1306 1202
1305 1203
1310 1204
1309 1205
1307 1206
1304 1207
1047 1208
1044 1209
1042 1210
1041 1211
1046 1212
1045 1213
1043 1214
1040 1215
1439 1216
1436 1217
1434 1218
1433 1219
1438 1220
1437 1221
1435 1222
1432 1223
1223 1224
1220 1225
1218 1226
1217 1227
1222 1228
1221 1229
1219 1230
1216 1231
1135 1232
1132 1233
1130 1234
1129 1235
1134 1236
1133 1237
1131 1238
1128 1239
1039 1240
1036 1241
1034 1242
1033 1243
1038 1244
1037 1245
1035 1246
1032 1247
1383 1248
1380 1249
1378 1250
1377 1251
1382 1252
1381 1253
1379 1254
1376 1255
1303 1256
1300 1257
1298 1258
1297 1259
1302 1260
1301 1261
1299 1262
1296 1263
1215 1264
1212 1265
1210 1266
1209 1267
1214 1268
1213 1269
1211 1270
1208 1271
1127 1272
1124 1273
1122 1274
1121 1275
1126 1276
1125 1277
1123 1278
1120 1279
1431 1280
1428 1281
1426 1282
1425 1283
1430 1284
1429 1285
1427 1286
1424 1287
1375 1288
1372 1289
1370 1290
1369 1291
1374 1292
1373 1293
1371 1294
1368 1295
1295 1296
1292 1297
1290 1298
1289 1299
1294 1300
1293 1301
1291 1302
1288 1303
1031 1304
1028 1305
1026 1306
1025 1307
1030 1308
1029 1309
1027 1310
1024 1311
1423 1312
1420 1313
1418 1314
1417 1315
1422 1316
1421 1317
1419 1318
1416 1319
1207 1320
1204 1321
1202 1322
1201 1323
1206 1324
1205 1325
1203 1326
1200 1327
1119 1328
1116 1329
1114 1330
1113 1331
1118 1332
1117 1333
1115 1334
1112 1335
1023 1336
1020 1337
1018 1338
1017 1339
1022 1340
1021 1341
1019 1342
1016 1343
1367 1344
1364 1345
1362 1346
1361 1347
1366 1348
1365 1349
1363 1350
1360 1351
1287 1352
1284 1353
1282 1354
1281 1355
1286 1356
1285 1357
1283 1358
1280 1359
1199 1360
1196 1361
1194 1362
1193 1363
1198 1364
1197 1365
1195 1366
1192 1367
1111 1368
1108 1369
1106 1370
1105 1371
1110 1372
1109 1373
1107 1374
1104 1375
1359 1376
1356 1377
1354 1378
1353 1379
1358 1380
1357 1381
1355 1382
1352 1383
1279 1384
1276 1385
1274 1386
1273 1387
1278 1388
1277 1389
1275 1390
1272 1391
1191 1392
1188 1393
1186 1394
1185 1395
1190 1396
1189 1397
1187 1398
1184 1399
1015 1400
1012 1401
1010 1402
1009 1403
1014 1404
1013 1405
1011 1406
1008 1407
1351 1408
1348 1409
1346 1410
1345 1411
1350 1412
1349 1413
1347 1414
1344 1415
1271 1416
1268 1417
1266 1418
1265 1419
1270 1420
1269 1421
1267 1422
1264 1423
1103 1424
1100 1425
1098 1426
1097 1427
1102 1428
1101 1429
1099 1430
1096 1431
1007 1432
1004 1433
1002 1434
1001 1435
1006 1436
1005 1437
1003 1438
1000 1439
1263 1440
1260 1441
1258 1442
1257 1443
1262 1444
1261 1445
1259 1446
1256 1447
1183 1448
1180 1449
1178 1450
1177 1451
1182 1452
1181 1453
1179 1454
1176 1455
1095 1456
1092 1457
1090 1458
1089 1459
1094 1460
1093 1461
1091 1462
1088 1463
 999 1464
 996 1465
 994 1466
 993 1467
 998 1468
 997 1469
 995 1470
 992 1471
1175 1472
1172 1473
1170 1474
1169 1475
1174 1476
1173 1477
1171 1478
1168 1479
1079 1480
1076 1481
1074 1482
1073 1483
1078 1484
1077 1485
1075 1486
1072 1487
1087 1488
1084 1489
1082 1490
1081 1491
1086 1492
1085 1493
1083 1494
1080 1495
 991 1496
 988 1497
 986 1498
 985 1499
 990 1500
 989 1501
 987 1502
 984 1503
 983 1504
 980 1505
 978 1506
 977 1507
 982 1508
 981 1509
 979 1510
 976 1511
1551 1536
1548 1537
1546 1538
1545 1539
1550 1540
1549 1541
1547 1542
1544 1543
1559 1544
1556 1545
1554 1546
1553 1547
1558 1548
1557 1549
1555 1550
1552 1551
1647 1552
1644 1553
1642 1554
1641 1555
1646 1556
1645 1557
1643 1558
1640 1559
1655 1560
1652 1561
1650 1562
1649 1563
1654 1564
1653 1565
1651 1566
1648 1567
1543 1568
1540 1569
1538 1570
1537 1571
1542 1572
1541 1573
1539 1574
1536 1575
1639 1576
1636 1577
1634 1578
1633 1579
1638 1580
1637 1581
1635 1582
1632 1583
1743 1584
1740 1585
1738 1586
1737 1587
1742 1588
1741 1589
1739 1590
1736 1591
1831 1592
1828 1593
1826 1594
1825 1595
1830 1596
1829 1597
1827 1598
1824 1599
1535 1600
1532 1601
1530 1602
1529 1603
1534 1604
1533 1605
1531 1606
1528 1607
1735 1608
1732 1609
1730 1610
1729 1611
1734 1612
1733 1613
1731 1614
1728 1615
1823 1616
1820 1617
1818 1618
1817 1619
1822 1620
1821 1621
1819 1622
1816 1623
1903 1624
1900 1625
1898 1626
1897 1627
1902 1628
1901 1629
1899 1630
1896 1631
1628 1633
1626 1634
1625 1635
1630 1636
1629 1637
1627 1638
1624 1639
1727 1640
1724 1641
1722 1642
1721 1643
1726 1644
1725 1645
1723 1646
1720 1647
1815 1648
1812 1649
1810 1650
1809 1651
1814 1652
1813 1653
1811 1654
1808 1655
1895 1656
1892 1657
1890 1658
1889 1659
1894 1660
1893 1661
1891 1662
1888 1663
1527 1664
1524 1665
1522 1666
1521 1667
1526 1668
1525 1669
1523 1670
1520 1671
1623 1672
1620 1673
1618 1674
1617 1675
1622 1676
1621 1677
1619 1678
1616 1679
1719 1680
1716 1681
1714 1682
1713 1683
1718 1684
1717 1685
1715 1686
1712 1687
1807 1688
1804 1689
1802 1690
1801 1691
1806 1692
1805 1693
1803 1694
1800 1695
1519 1696
1516 1697
1514 1698
1513 1699
1518 1700
1517 1701
1515 1702
1512 1703
1615 1704
1612 1705
1610 1706
1609 1707
1614 1708
1613 1709
1611 1710
1608 1711
1887 1712
1884 1713
1882 1714
1881 1715
1886 1716
1885 1717
1883 1718
1880 1719
1951 1720
1948 1721
1946 1722
1945 1723
1950 1724
1949 1725
1947 1726
1944 1727
1711 1728
1708 1729
1706 1730
1705 1731
1710 1732
1709 1733
1707 1734
1704 1735
1799 1736
1796 1737
1794 1738
1793 1739
1798 1740
1797 1741
1795 1742
1792 1743
1879 1744
1876 1745
1874 1746
1873 1747
1878 1748
1877 1749
1875 1750
1872 1751
1943 1752
1940 1753
1938 1754
1937 1755
1942 1756
1941 1757
1939 1758
1936 1759
1511 1760
1508 1761
1506 1762
1505 1763
1510 1764
1509 1765
1507 1766
1504 1767
1607 1768
1604 1769
1602 1770
1601 1771
1606 1772
1605 1773
1603 1774
1600 1775
1703 1776
1700 1777
1698 1778
1697 1779
1702 1780
1701 1781
1699 1782
1696 1783
1791 1784
1788 1785
1786 1786
1785 1787
1790 1788
1789 1789
1787 1790
1784 1791
1503 1792
1500 1793
1498 1794
1497 1795
1502 1796
1501 1797
1499 1798
1496 1799
1599 1800
1596 1801
1594 1802
1593 1803
1598 1804
1597 1805
1595 1806
1592 1807
1871 1808
1868 1809
1866 1810
1865 1811
1870 1812
1869 1813
1867 1814
1864 1815
1935 1816
1932 1817
1930 1818
1929 1819
1934 1820
1933 1821
1931 1822
1928 1823
1695 1824
1692 1825
1690 1826
1689 1827
1694 1828
1693 1829
1691 1830
1688 1831
1783 1832
1780 1833
1778 1834
1777 1835
1782 1836
1781 1837
1779 1838
1776 1839
1863 1840
1860 1841
1858 1842
1857 1843
1862 1844
1861 1845
1859 1846
1856 1847
1927 1848
1924 1849
1922 1850
1921 1851
1926 1852
1925 1853
1923 1854
1920 1855
1495 1856
1492 1857
1490 1858
1489 1859
1494 1860
1493 1861
1491 1862
1488 1863
1591 1864
1588 1865
1586 1866
1585 1867
1590 1868
1589 1869
1587 1870
1584 1871
1687 1872
1684 1873
1682 1874
1681 1875
1686 1876
1685 1877
1683 1878
1680 1879
1775 1880
1772 1881
1770 1882
1769 1883
1774 1884
1773 1885
1771 1886
1768 1887
1487 1888
1484 1889
1482 1890
1481 1891
1486 1892
1485 1893
1483 1894
1480 1895
1583 1896
1580 1897
1578 1898
1577 1899
1582 1900
1581 1901
1579 1902
1576 1903
1855 1904
1852 1905
1850 1906
1849 1907
1854 1908
1853 1909
1851 1910
1848 1911
1919 1912
1916 1913
1914 1914
1913 1915
1918 1916
1917 1917
1915 1918
1912 1919
1679 1920
1676 1921
1674 1922
1673 1923
1678 1924
1677 1925
1675 1926
1672 1927
1767 1928
1764 1929
1762 1930
1761 1931
1766 1932
1765 1933
1763 1934
1760 1935
1847 1936
1844 1937
1842 1938
1841 1939
1846 1940
1845 1941
1843 1942
1840 1943
1911 1944
1908 1945
1906 1946
1905 1947
1910 1948
1909 1949
1907 1950
1904 1951
1479 1952
1476 1953
1474 1954
1473 1955
1478 1956
1477 1957
1475 1958
1472 1959
1575 1960
1572 1961
1570 1962
1569 1963
1574 1964
1573 1965
1571 1966
1568 1967
1671 1968
1668 1969
1666 1970
1665 1971
1670 1972
1669 1973
1667 1974
1664 1975
1759 1976
1756 1977
1754 1978
1753 1979
1758 1980
1757 1981
1755 1982
1752 1983
1471 1984
1468 1985
1466 1986
1465 1987
1470 1988
1469 1989
1467 1990
1464 1991
1567 1992
1564 1993
1562 1994
1561 1995
1566 1996
1565 1997
1563 1998
1560 1999
1663 2000
1660 2001
1658 2002
1657 2003
1662 2004
1661 2005
1659 2006
1656 2007
1839 2008
1836 2009
1834 2010
1833 2011
1838 2012
1837 2013
1835 2014
1832 2015
1751 2016
1748 2017
1746 2018
1745 2019
1750 2020
1749 2021
1747 2022
1744 2023
1631 2031
2006 2048
1997 2049
1986 2050
1975 2051
1996 2056
1985 2057
1974 2058
1963 2059
2012 2064
2005 2065
1995 2066
1962 2067
2011 2072
1984 2073
1973 2074
1961 2075
2004 2080
1994 2081
1983 2082
1972 2083
2010 2088
2003 2089
1993 2090
1960 2091
2009 2096
1982 2097
1971 2098
1959 2099
2002 2104
1992 2105
1981 2106
1970 2107
2008 2112
2001 2113
1991 2114
1958 2115
2007 2120
1980 2121
1969 2122
1957 2123
2000 2128
1990 2129
1979 2130
1968 2131
1999 2136
1989 2137
1978 2138
1956 2139
1998 2144
1988 2145
1967 2146
1955 2147
1987 2152
1977 2153
1966 2154
1954 2155
1976 2160
1964 2161
1965 2162
1953 2163
1952 2168
2023 2176
2024 2177
2035 2178
2036 2179
2022 2184
2034 2185
2047 2186
2058 2187
2021 2192
2046 2193
2057 2194
2067 2195
2033 2200
2045 2201
2056 2202
2066 2203
2020 2208
2032 2209
2044 2210
2055 2211
2019 2216
2031 2217
2065 2218
2073 2219
2043 2224
2054 2225
2064 2226
2072 2227
2018 2232
2030 2233
2042 2234
2053 2235
2017 2240
2029 2241
2063 2242
2071 2243
2041 2252
2052 2253
2062 2254
2070 2255
2016 2256
2028 2257
2040 2258
2051 2259
2015 2264
2027 2265
2061 2266
2069 2267
2039 2272
2050 2273
2060 2274
2068 2275
2014 2280
2026 2281
2038 2282
2049 2283
2013 2288
2025 2289
2037 2290
2059 2291
2048 2296
2128 2304
2119 2305
2108 2306
2097 2307
2118 2312
2107 2313
2096 2314
2085 2315
2134 2320
2127 2321
2117 2322
2084 2323
2133 2328
2106 2329
2095 2330
2083 2331
2126 2336
2116 2337
2105 2338
2094 2339
2132 2344
2125 2345
2115 2346
2082 2347
2131 2352
2104 2353
2093 2354
2081 2355
2124 2360
2114 2361
2103 2362
2092 2363
2130 2368
2123 2369
2113 2370
2080 2371
2129 2376
2102 2377
2091 2378
2079 2379
2122 2384
2112 2385
2101 2386
2090 2387
2121 2392
2111 2393
2100 2394
2078 2395
2120 2400
2110 2401
2089 2402
2077 2403
2109 2408
2099 2409
2088 2410
2076 2411
2098 2416
2086 2417
2087 2418
2075 2419
2074 2424
2145 2436
2146 2437
2157 2438
2158 2439
2144 2440
2156 2441
2169 2442
2180 2443
2143 2448
2168 2449
2179 2450
2189 2451
2155 2456
2167 2457
2178 2458
2188 2459
2142 2464
2154 2465
2166 2466
2177 2467
2141 2472
2153 2473
2187 2474
2195 2475
2165 2480
2176 2481
2186 2482
2194 2483
2140 2488
2152 2489
2164 2490
2175 2491
2139 2496
2151 2497
2185 2498
2193 2499
2163 2504
2174 2505
2184 2506
2192 2507
2138 2512
2150 2513
2162 2514
2173 2515
2137 2520
2149 2521
2183 2522
2191 2523
2161 2528
2172 2529
2182 2530
2190 2531
2136 2536
2148 2537
2160 2538
2171 2539
2135 2544
2147 2545
2159 2546
2181 2547
2170 2552
