0 0 0 1952 
0 0 1 1953 
0 0 2 1954 
0 0 3 1955 
0 0 4 1956 
0 0 5 1957 
0 0 6 1958 
0 0 7 1959 
0 0 8 1960 
0 0 9 1961 
0 0 10 1962 
0 0 11 1963 
0 0 12 1964 
0 0 13 1965 
0 0 14 1966 
0 0 15 1967 
0 0 16 1968 
0 0 17 1969 
0 0 18 1970 
0 0 19 1971 
0 0 20 1972 
0 0 21 1973 
0 0 22 1974 
0 0 23 1975 
0 0 24 1976 
0 0 25 1977 
0 0 26 1978 
0 0 27 1979 
0 0 28 1980 
0 0 29 1981 
0 0 30 1982 
0 0 31 1983 
0 0 32 1984 
0 0 33 1985 
0 0 34 1986 
0 0 35 1987 
0 0 36 1988 
0 0 37 1989 
0 0 38 1990 
0 0 39 1991 
0 0 40 1992 
0 0 41 1993 
0 0 42 1994 
0 0 43 1995 
0 0 44 1996 
0 0 45 1997 
0 0 46 1998 
0 0 47 1999 
0 0 48 2000 
0 0 49 2001 
0 0 50 2002 
0 0 51 2003 
0 0 52 2004 
0 0 53 2005 
0 0 54 2006 
0 0 55 2007 
0 0 56 2008 
0 0 57 2009 
0 0 58 2010 
0 0 59 2011 
0 0 60 2012 
0 1 0 2013 
0 1 1 2014 
0 1 2 2015 
0 1 3 2016 
0 1 4 2017 
0 1 5 2018 
0 1 6 2019 
0 1 7 2020 
0 1 8 2021 
0 1 9 2022 
0 1 10 2023 
0 1 11 2024 
0 1 12 2025 
0 1 13 2026 
0 1 14 2027 
0 1 15 2028 
0 1 16 2029 
0 1 17 2030 
0 1 18 2031 
0 1 19 2032 
0 1 20 2033 
0 1 21 2034 
0 1 22 2035 
0 1 23 2036 
0 1 24 2037 
0 1 25 2038 
0 1 26 2039 
0 1 27 2040 
0 1 28 2041 
0 1 29 2042 
0 1 30 2043 
0 1 31 2044 
0 1 32 2045 
0 1 33 2046 
0 1 34 2047 
0 1 35 2048 
0 1 36 2049 
0 1 37 2050 
0 1 38 2051 
0 1 39 2052 
0 1 40 2053 
0 1 41 2054 
0 1 42 2055 
0 1 43 2056 
0 1 44 2057 
0 1 45 2058 
0 1 46 2059 
0 1 47 2060 
0 1 48 2061 
0 1 49 2062 
0 1 50 2063 
0 1 51 2064 
0 1 52 2065 
0 1 53 2066 
0 1 54 2067 
0 1 55 2068 
0 1 56 2069 
0 1 57 2070 
0 1 58 2071 
0 1 59 2072 
0 1 60 2073 
1 0 0 2074 
1 0 1 2075 
1 0 2 2076 
1 0 3 2077 
1 0 4 2078 
1 0 5 2079 
1 0 6 2080 
1 0 7 2081 
1 0 8 2082 
1 0 9 2083 
1 0 10 2084 
1 0 11 2085 
1 0 12 2086 
1 0 13 2087 
1 0 14 2088 
1 0 15 2089 
1 0 16 2090 
1 0 17 2091 
1 0 18 2092 
1 0 19 2093 
1 0 20 2094 
1 0 21 2095 
1 0 22 2096 
1 0 23 2097 
1 0 24 2098 
1 0 25 2099 
1 0 26 2100 
1 0 27 2101 
1 0 28 2102 
1 0 29 2103 
1 0 30 2104 
1 0 31 2105 
1 0 32 2106 
1 0 33 2107 
1 0 34 2108 
1 0 35 2109 
1 0 36 2110 
1 0 37 2111 
1 0 38 2112 
1 0 39 2113 
1 0 40 2114 
1 0 41 2115 
1 0 42 2116 
1 0 43 2117 
1 0 44 2118 
1 0 45 2119 
1 0 46 2120 
1 0 47 2121 
1 0 48 2122 
1 0 49 2123 
1 0 50 2124 
1 0 51 2125 
1 0 52 2126 
1 0 53 2127 
1 0 54 2128 
1 0 55 2129 
1 0 56 2130 
1 0 57 2131 
1 0 58 2132 
1 0 59 2133 
1 0 60 2134 
1 1 0 2135 
1 1 1 2136 
1 1 2 2137 
1 1 3 2138 
1 1 4 2139 
1 1 5 2140 
1 1 6 2141 
1 1 7 2142 
1 1 8 2143 
1 1 9 2144 
1 1 10 2145 
1 1 11 2146 
1 1 12 2147 
1 1 13 2148 
1 1 14 2149 
1 1 15 2150 
1 1 16 2151 
1 1 17 2152 
1 1 18 2153 
1 1 19 2154 
1 1 20 2155 
1 1 21 2156 
1 1 22 2157 
1 1 23 2158 
1 1 24 2159 
1 1 25 2160 
1 1 26 2161 
1 1 27 2162 
1 1 28 2163 
1 1 29 2164 
1 1 30 2165 
1 1 31 2166 
1 1 32 2167 
1 1 33 2168 
1 1 34 2169 
1 1 35 2170 
1 1 36 2171 
1 1 37 2172 
1 1 38 2173 
1 1 39 2174 
1 1 40 2175 
1 1 41 2176 
1 1 42 2177 
1 1 43 2178 
1 1 44 2179 
1 1 45 2180 
1 1 46 2181 
1 1 47 2182 
1 1 48 2183 
1 1 49 2184 
1 1 50 2185 
1 1 51 2186 
1 1 52 2187 
1 1 53 2188 
1 1 54 2189 
1 1 55 2190 
1 1 56 2191 
1 1 57 2192 
1 1 58 2193 
1 1 59 2194 
1 1 60 2195
