0 0 0 0 0 0 
0 0 0 0 1 1 
0 0 0 0 2 2 
0 0 0 0 3 3 
0 0 0 0 4 4 
0 0 0 0 5 5 
0 0 0 0 6 6 
0 0 0 0 7 7 
0 0 0 1 0 8 
0 0 0 1 1 9 
0 0 0 1 2 10 
0 0 0 1 3 11 
0 0 0 1 4 12 
0 0 0 1 5 13 
0 0 0 1 6 14 
0 0 0 1 7 15 
0 0 0 2 0 16 
0 0 0 2 1 17 
0 0 0 2 2 18 
0 0 0 2 3 19 
0 0 0 2 4 20 
0 0 0 2 5 21 
0 0 0 2 6 22 
0 0 0 2 7 23 
0 0 0 3 0 24 
0 0 0 3 1 25 
0 0 0 3 2 26 
0 0 0 3 3 27 
0 0 0 3 4 28 
0 0 0 3 5 29 
0 0 0 3 6 30 
0 0 0 3 7 31 
0 0 0 4 0 32 
0 0 0 4 1 33 
0 0 0 4 2 34 
0 0 0 4 3 35 
0 0 0 4 4 36 
0 0 0 4 5 37 
0 0 0 4 6 38 
0 0 0 4 7 39 
0 0 0 5 0 40 
0 0 0 5 1 41 
0 0 0 5 2 42 
0 0 0 5 3 43 
0 0 0 5 4 44 
0 0 0 5 5 45 
0 0 0 5 6 46 
0 0 0 5 7 47 
0 0 0 6 0 48 
0 0 0 6 1 49 
0 0 0 6 2 50 
0 0 0 6 3 51 
0 0 0 6 4 52 
0 0 0 6 5 53 
0 0 0 6 6 54 
0 0 0 6 7 55 
0 0 0 7 0 56 
0 0 0 7 1 57 
0 0 0 7 2 58 
0 0 0 7 3 59 
0 0 0 7 4 60 
0 0 0 7 5 61 
0 0 0 7 6 62 
0 0 0 7 7 63 
0 0 0 8 0 64 
0 0 0 8 1 65 
0 0 0 8 2 66 
0 0 0 8 3 67 
0 0 0 8 4 68 
0 0 0 8 5 69 
0 0 0 8 6 70 
0 0 0 8 7 71 
0 0 0 9 0 72 
0 0 0 9 1 73 
0 0 0 9 2 74 
0 0 0 9 3 75 
0 0 0 9 4 76 
0 0 0 9 5 77 
0 0 0 9 6 78 
0 0 0 9 7 79 
0 0 0 10 0 80 
0 0 0 10 1 81 
0 0 0 10 2 82 
0 0 0 10 3 83 
0 0 0 10 4 84 
0 0 0 10 5 85 
0 0 0 10 6 86 
0 0 0 10 7 87 
0 0 0 11 0 88 
0 0 0 11 1 89 
0 0 0 11 2 90 
0 0 0 11 3 91 
0 0 0 11 4 92 
0 0 0 11 5 93 
0 0 0 11 6 94 
0 0 0 11 7 95 
0 0 0 12 0 96 
0 0 0 12 1 97 
0 0 0 12 2 98 
0 0 0 12 3 99 
0 0 0 12 4 100 
0 0 0 12 5 101 
0 0 0 12 6 102 
0 0 0 12 7 103 
0 0 0 13 0 104 
0 0 0 13 1 105 
0 0 0 13 2 106 
0 0 0 13 3 107 
0 0 0 13 4 108 
0 0 0 13 5 109 
0 0 0 13 6 110 
0 0 0 13 7 111 
0 0 0 14 0 112 
0 0 0 14 1 113 
0 0 0 14 2 114 
0 0 0 14 3 115 
0 0 0 14 4 116 
0 0 0 14 5 117 
0 0 0 14 6 118 
0 0 0 14 7 119 
0 0 0 15 0 120 
0 0 0 15 1 121 
0 0 0 15 2 122 
0 0 0 15 3 123 
0 0 0 15 4 124 
0 0 0 15 5 125 
0 0 0 15 6 126 
0 0 0 15 7 127 
0 0 0 16 0 128 
0 0 0 16 1 129 
0 0 0 16 2 130 
0 0 0 16 3 131 
0 0 0 16 4 132 
0 0 0 16 5 133 
0 0 0 16 6 134 
0 0 0 16 7 135 
0 0 0 17 0 136 
0 0 0 17 1 137 
0 0 0 17 2 138 
0 0 0 17 3 139 
0 0 0 17 4 140 
0 0 0 17 5 141 
0 0 0 17 6 142 
0 0 0 17 7 143 
0 0 0 18 0 144 
0 0 0 18 1 145 
0 0 0 18 2 146 
0 0 0 18 3 147 
0 0 0 18 4 148 
0 0 0 18 5 149 
0 0 0 18 6 150 
0 0 0 18 7 151 
0 0 0 19 0 152 
0 0 0 19 1 153 
0 0 0 19 2 154 
0 0 0 19 3 155 
0 0 0 19 4 156 
0 0 0 19 5 157 
0 0 0 19 6 158 
0 0 0 19 7 159 
0 0 0 20 0 160 
0 0 0 20 1 161 
0 0 0 20 2 162 
0 0 0 20 3 163 
0 0 0 20 4 164 
0 0 0 20 5 165 
0 0 0 20 6 166 
0 0 0 20 7 167 
0 0 0 21 0 168 
0 0 0 21 1 169 
0 0 0 21 2 170 
0 0 0 21 3 171 
0 0 0 21 4 172 
0 0 0 21 5 173 
0 0 0 21 6 174 
0 0 0 21 7 175 
0 0 0 22 0 176 
0 0 0 22 1 177 
0 0 0 22 2 178 
0 0 0 22 3 179 
0 0 0 22 4 180 
0 0 0 22 5 181 
0 0 0 22 6 182 
0 0 0 22 7 183 
0 0 0 23 0 184 
0 0 0 23 1 185 
0 0 0 23 2 186 
0 0 0 23 3 187 
0 0 0 23 4 188 
0 0 0 23 5 189 
0 0 0 23 6 190 
0 0 0 23 7 191 
0 0 0 24 0 192 
0 0 0 24 1 193 
0 0 0 24 2 194 
0 0 0 24 3 195 
0 0 0 24 4 196 
0 0 0 24 5 197 
0 0 0 24 6 198 
0 0 0 24 7 199 
0 0 0 25 0 200 
0 0 0 25 1 201 
0 0 0 25 2 202 
0 0 0 25 3 203 
0 0 0 25 4 204 
0 0 0 25 5 205 
0 0 0 25 6 206 
0 0 0 25 7 207 
0 0 0 26 0 208 
0 0 0 26 1 209 
0 0 0 26 2 210 
0 0 0 26 3 211 
0 0 0 26 4 212 
0 0 0 26 5 213 
0 0 0 26 6 214 
0 0 0 26 7 215 
0 0 0 27 0 216 
0 0 0 27 1 217 
0 0 0 27 2 218 
0 0 0 27 3 219 
0 0 0 27 4 220 
0 0 0 27 5 221 
0 0 0 27 6 222 
0 0 0 27 7 223 
0 0 0 28 0 224 
0 0 0 28 1 225 
0 0 0 28 2 226 
0 0 0 28 3 227 
0 0 0 28 4 228 
0 0 0 28 5 229 
0 0 0 28 6 230 
0 0 0 28 7 231 
0 0 0 29 0 232 
0 0 0 29 1 233 
0 0 0 29 2 234 
0 0 0 29 3 235 
0 0 0 29 4 236 
0 0 0 29 5 237 
0 0 0 29 6 238 
0 0 0 29 7 239 
0 0 0 30 0 240 
0 0 0 30 1 241 
0 0 0 30 2 242 
0 0 0 30 3 243 
0 0 0 30 4 244 
0 0 0 30 5 245 
0 0 0 30 6 246 
0 0 0 30 7 247 
0 0 0 31 0 248 
0 0 0 31 1 249 
0 0 0 31 2 250 
0 0 0 31 3 251 
0 0 0 31 4 252 
0 0 0 31 5 253 
0 0 0 31 6 254 
0 0 0 31 7 255 
0 0 0 32 0 256 
0 0 0 32 1 257 
0 0 0 32 2 258 
0 0 0 32 3 259 
0 0 0 32 4 260 
0 0 0 32 5 261 
0 0 0 32 6 262 
0 0 0 32 7 263 
0 0 0 33 0 264 
0 0 0 33 1 265 
0 0 0 33 2 266 
0 0 0 33 3 267 
0 0 0 33 4 268 
0 0 0 33 5 269 
0 0 0 33 6 270 
0 0 0 33 7 271 
0 0 0 34 0 272 
0 0 0 34 1 273 
0 0 0 34 2 274 
0 0 0 34 3 275 
0 0 0 34 4 276 
0 0 0 34 5 277 
0 0 0 34 6 278 
0 0 0 34 7 279 
0 0 0 35 0 280 
0 0 0 35 1 281 
0 0 0 35 2 282 
0 0 0 35 3 283 
0 0 0 35 4 284 
0 0 0 35 5 285 
0 0 0 35 6 286 
0 0 0 35 7 287 
0 0 0 36 0 288 
0 0 0 36 1 289 
0 0 0 36 2 290 
0 0 0 36 3 291 
0 0 0 36 4 292 
0 0 0 36 5 293 
0 0 0 36 6 294 
0 0 0 36 7 295 
0 0 0 37 0 296 
0 0 0 37 1 297 
0 0 0 37 2 298 
0 0 0 37 3 299 
0 0 0 37 4 300 
0 0 0 37 5 301 
0 0 0 37 6 302 
0 0 0 37 7 303 
0 0 0 38 0 304 
0 0 0 38 1 305 
0 0 0 38 2 306 
0 0 0 38 3 307 
0 0 0 38 4 308 
0 0 0 38 5 309 
0 0 0 38 6 310 
0 0 0 38 7 311 
0 0 0 39 0 312 
0 0 0 39 1 313 
0 0 0 39 2 314 
0 0 0 39 3 315 
0 0 0 39 4 316 
0 0 0 39 5 317 
0 0 0 39 6 318 
0 0 0 39 7 319 
0 0 0 40 0 320 
0 0 0 40 1 321 
0 0 0 40 2 322 
0 0 0 40 3 323 
0 0 0 40 4 324 
0 0 0 40 5 325 
0 0 0 40 6 326 
0 0 0 40 7 327 
0 0 0 41 0 328 
0 0 0 41 1 329 
0 0 0 41 2 330 
0 0 0 41 3 331 
0 0 0 41 4 332 
0 0 0 41 5 333 
0 0 0 41 6 334 
0 0 0 41 7 335 
0 0 0 42 0 336 
0 0 0 42 1 337 
0 0 0 42 2 338 
0 0 0 42 3 339 
0 0 0 42 4 340 
0 0 0 42 5 341 
0 0 0 42 6 342 
0 0 0 42 7 343 
0 0 0 43 0 344 
0 0 0 43 1 345 
0 0 0 43 2 346 
0 0 0 43 3 347 
0 0 0 43 4 348 
0 0 0 43 5 349 
0 0 0 43 6 350 
0 0 0 43 7 351 
0 0 0 44 0 352 
0 0 0 44 1 353 
0 0 0 44 2 354 
0 0 0 44 3 355 
0 0 0 44 4 356 
0 0 0 44 5 357 
0 0 0 44 6 358 
0 0 0 44 7 359 
0 0 0 45 0 360 
0 0 0 45 1 361 
0 0 0 45 2 362 
0 0 0 45 3 363 
0 0 0 45 4 364 
0 0 0 45 5 365 
0 0 0 45 6 366 
0 0 0 45 7 367 
0 0 0 46 0 368 
0 0 0 46 1 369 
0 0 0 46 2 370 
0 0 0 46 3 371 
0 0 0 46 4 372 
0 0 0 46 5 373 
0 0 0 46 6 374 
0 0 0 46 7 375 
0 0 0 47 0 376 
0 0 0 47 1 377 
0 0 0 47 2 378 
0 0 0 47 3 379 
0 0 0 47 4 380 
0 0 0 47 5 381 
0 0 0 47 6 382 
0 0 0 47 7 383 
0 0 0 48 0 384 
0 0 0 48 1 385 
0 0 0 48 2 386 
0 0 0 48 3 387 
0 0 0 48 4 388 
0 0 0 48 5 389 
0 0 0 48 6 390 
0 0 0 48 7 391 
0 0 0 49 0 392 
0 0 0 49 1 393 
0 0 0 49 2 394 
0 0 0 49 3 395 
0 0 0 49 4 396 
0 0 0 49 5 397 
0 0 0 49 6 398 
0 0 0 49 7 399 
0 0 0 50 0 400 
0 0 0 50 1 401 
0 0 0 50 2 402 
0 0 0 50 3 403 
0 0 0 50 4 404 
0 0 0 50 5 405 
0 0 0 50 6 406 
0 0 0 50 7 407 
0 0 0 51 0 408 
0 0 0 51 1 409 
0 0 0 51 2 410 
0 0 0 51 3 411 
0 0 0 51 4 412 
0 0 0 51 5 413 
0 0 0 51 6 414 
0 0 0 51 7 415 
0 0 0 52 0 416 
0 0 0 52 1 417 
0 0 0 52 2 418 
0 0 0 52 3 419 
0 0 0 52 4 420 
0 0 0 52 5 421 
0 0 0 52 6 422 
0 0 0 52 7 423 
0 0 0 53 0 424 
0 0 0 53 1 425 
0 0 0 53 2 426 
0 0 0 53 3 427 
0 0 0 53 4 428 
0 0 0 53 5 429 
0 0 0 53 6 430 
0 0 0 53 7 431 
0 0 0 54 0 432 
0 0 0 54 1 433 
0 0 0 54 2 434 
0 0 0 54 3 435 
0 0 0 54 4 436 
0 0 0 54 5 437 
0 0 0 54 6 438 
0 0 0 54 7 439 
0 0 0 55 0 440 
0 0 0 55 1 441 
0 0 0 55 2 442 
0 0 0 55 3 443 
0 0 0 55 4 444 
0 0 0 55 5 445 
0 0 0 55 6 446 
0 0 0 55 7 447 
0 0 0 56 0 448 
0 0 0 56 1 449 
0 0 0 56 2 450 
0 0 0 56 3 451 
0 0 0 56 4 452 
0 0 0 56 5 453 
0 0 0 56 6 454 
0 0 0 56 7 455 
0 0 0 57 0 456 
0 0 0 57 1 457 
0 0 0 57 2 458 
0 0 0 57 3 459 
0 0 0 57 4 460 
0 0 0 57 5 461 
0 0 0 57 6 462 
0 0 0 57 7 463 
0 0 0 58 0 464 
0 0 0 58 1 465 
0 0 0 58 2 466 
0 0 0 58 3 467 
0 0 0 58 4 468 
0 0 0 58 5 469 
0 0 0 58 6 470 
0 0 0 58 7 471 
0 0 0 59 0 472 
0 0 0 59 1 473 
0 0 0 59 2 474 
0 0 0 59 3 475 
0 0 0 59 4 476 
0 0 0 59 5 477 
0 0 0 59 6 478 
0 0 0 59 7 479 
0 0 0 60 0 480 
0 0 0 60 1 481 
0 0 0 60 2 482 
0 0 0 60 3 483 
0 0 0 60 4 484 
0 0 0 60 5 485 
0 0 0 60 6 486 
0 0 0 60 7 487 
0 1 0 0 0 488 
0 1 0 0 1 489 
0 1 0 0 2 490 
0 1 0 0 3 491 
0 1 0 0 4 492 
0 1 0 0 5 493 
0 1 0 0 6 494 
0 1 0 0 7 495 
0 1 0 1 0 496 
0 1 0 1 1 497 
0 1 0 1 2 498 
0 1 0 1 3 499 
0 1 0 1 4 500 
0 1 0 1 5 501 
0 1 0 1 6 502 
0 1 0 1 7 503 
0 1 0 2 0 504 
0 1 0 2 1 505 
0 1 0 2 2 506 
0 1 0 2 3 507 
0 1 0 2 4 508 
0 1 0 2 5 509 
0 1 0 2 6 510 
0 1 0 2 7 511 
0 1 0 3 0 512 
0 1 0 3 1 513 
0 1 0 3 2 514 
0 1 0 3 3 515 
0 1 0 3 4 516 
0 1 0 3 5 517 
0 1 0 3 6 518 
0 1 0 3 7 519 
0 1 0 4 0 520 
0 1 0 4 1 521 
0 1 0 4 2 522 
0 1 0 4 3 523 
0 1 0 4 4 524 
0 1 0 4 5 525 
0 1 0 4 6 526 
0 1 0 4 7 527 
0 1 0 5 0 528 
0 1 0 5 1 529 
0 1 0 5 2 530 
0 1 0 5 3 531 
0 1 0 5 4 532 
0 1 0 5 5 533 
0 1 0 5 6 534 
0 1 0 5 7 535 
0 1 0 6 0 536 
0 1 0 6 1 537 
0 1 0 6 2 538 
0 1 0 6 3 539 
0 1 0 6 4 540 
0 1 0 6 5 541 
0 1 0 6 6 542 
0 1 0 6 7 543 
0 1 0 7 0 544 
0 1 0 7 1 545 
0 1 0 7 2 546 
0 1 0 7 3 547 
0 1 0 7 4 548 
0 1 0 7 5 549 
0 1 0 7 6 550 
0 1 0 7 7 551 
0 1 0 8 0 552 
0 1 0 8 1 553 
0 1 0 8 2 554 
0 1 0 8 3 555 
0 1 0 8 4 556 
0 1 0 8 5 557 
0 1 0 8 6 558 
0 1 0 8 7 559 
0 1 0 9 0 560 
0 1 0 9 1 561 
0 1 0 9 2 562 
0 1 0 9 3 563 
0 1 0 9 4 564 
0 1 0 9 5 565 
0 1 0 9 6 566 
0 1 0 9 7 567 
0 1 0 10 0 568 
0 1 0 10 1 569 
0 1 0 10 2 570 
0 1 0 10 3 571 
0 1 0 10 4 572 
0 1 0 10 5 573 
0 1 0 10 6 574 
0 1 0 10 7 575 
0 1 0 11 0 576 
0 1 0 11 1 577 
0 1 0 11 2 578 
0 1 0 11 3 579 
0 1 0 11 4 580 
0 1 0 11 5 581 
0 1 0 11 6 582 
0 1 0 11 7 583 
0 1 0 12 0 584 
0 1 0 12 1 585 
0 1 0 12 2 586 
0 1 0 12 3 587 
0 1 0 12 4 588 
0 1 0 12 5 589 
0 1 0 12 6 590 
0 1 0 12 7 591 
0 1 0 13 0 592 
0 1 0 13 1 593 
0 1 0 13 2 594 
0 1 0 13 3 595 
0 1 0 13 4 596 
0 1 0 13 5 597 
0 1 0 13 6 598 
0 1 0 13 7 599 
0 1 0 14 0 600 
0 1 0 14 1 601 
0 1 0 14 2 602 
0 1 0 14 3 603 
0 1 0 14 4 604 
0 1 0 14 5 605 
0 1 0 14 6 606 
0 1 0 14 7 607 
0 1 0 15 0 608 
0 1 0 15 1 609 
0 1 0 15 2 610 
0 1 0 15 3 611 
0 1 0 15 4 612 
0 1 0 15 5 613 
0 1 0 15 6 614 
0 1 0 15 7 615 
0 1 0 16 0 616 
0 1 0 16 1 617 
0 1 0 16 2 618 
0 1 0 16 3 619 
0 1 0 16 4 620 
0 1 0 16 5 621 
0 1 0 16 6 622 
0 1 0 16 7 623 
0 1 0 17 0 624 
0 1 0 17 1 625 
0 1 0 17 2 626 
0 1 0 17 3 627 
0 1 0 17 4 628 
0 1 0 17 5 629 
0 1 0 17 6 630 
0 1 0 17 7 631 
0 1 0 18 0 632 
0 1 0 18 1 633 
0 1 0 18 2 634 
0 1 0 18 3 635 
0 1 0 18 4 636 
0 1 0 18 5 637 
0 1 0 18 6 638 
0 1 0 18 7 639 
0 1 0 19 0 640 
0 1 0 19 1 641 
0 1 0 19 2 642 
0 1 0 19 3 643 
0 1 0 19 4 644 
0 1 0 19 5 645 
0 1 0 19 6 646 
0 1 0 19 7 647 
0 1 0 20 0 648 
0 1 0 20 1 649 
0 1 0 20 2 650 
0 1 0 20 3 651 
0 1 0 20 4 652 
0 1 0 20 5 653 
0 1 0 20 6 654 
0 1 0 20 7 655 
0 1 0 21 0 656 
0 1 0 21 1 657 
0 1 0 21 2 658 
0 1 0 21 3 659 
0 1 0 21 4 660 
0 1 0 21 5 661 
0 1 0 21 6 662 
0 1 0 21 7 663 
0 1 0 22 0 664 
0 1 0 22 1 665 
0 1 0 22 2 666 
0 1 0 22 3 667 
0 1 0 22 4 668 
0 1 0 22 5 669 
0 1 0 22 6 670 
0 1 0 22 7 671 
0 1 0 23 0 672 
0 1 0 23 1 673 
0 1 0 23 2 674 
0 1 0 23 3 675 
0 1 0 23 4 676 
0 1 0 23 5 677 
0 1 0 23 6 678 
0 1 0 23 7 679 
0 1 0 24 0 680 
0 1 0 24 1 681 
0 1 0 24 2 682 
0 1 0 24 3 683 
0 1 0 24 4 684 
0 1 0 24 5 685 
0 1 0 24 6 686 
0 1 0 24 7 687 
0 1 0 25 0 688 
0 1 0 25 1 689 
0 1 0 25 2 690 
0 1 0 25 3 691 
0 1 0 25 4 692 
0 1 0 25 5 693 
0 1 0 25 6 694 
0 1 0 25 7 695 
0 1 0 26 0 696 
0 1 0 26 1 697 
0 1 0 26 2 698 
0 1 0 26 3 699 
0 1 0 26 4 700 
0 1 0 26 5 701 
0 1 0 26 6 702 
0 1 0 26 7 703 
0 1 0 27 0 704 
0 1 0 27 1 705 
0 1 0 27 2 706 
0 1 0 27 3 707 
0 1 0 27 4 708 
0 1 0 27 5 709 
0 1 0 27 6 710 
0 1 0 27 7 711 
0 1 0 28 0 712 
0 1 0 28 1 713 
0 1 0 28 2 714 
0 1 0 28 3 715 
0 1 0 28 4 716 
0 1 0 28 5 717 
0 1 0 28 6 718 
0 1 0 28 7 719 
0 1 0 29 0 720 
0 1 0 29 1 721 
0 1 0 29 2 722 
0 1 0 29 3 723 
0 1 0 29 4 724 
0 1 0 29 5 725 
0 1 0 29 6 726 
0 1 0 29 7 727 
0 1 0 30 0 728 
0 1 0 30 1 729 
0 1 0 30 2 730 
0 1 0 30 3 731 
0 1 0 30 4 732 
0 1 0 30 5 733 
0 1 0 30 6 734 
0 1 0 30 7 735 
0 1 0 31 0 736 
0 1 0 31 1 737 
0 1 0 31 2 738 
0 1 0 31 3 739 
0 1 0 31 4 740 
0 1 0 31 5 741 
0 1 0 31 6 742 
0 1 0 31 7 743 
0 1 0 32 0 744 
0 1 0 32 1 745 
0 1 0 32 2 746 
0 1 0 32 3 747 
0 1 0 32 4 748 
0 1 0 32 5 749 
0 1 0 32 6 750 
0 1 0 32 7 751 
0 1 0 33 0 752 
0 1 0 33 1 753 
0 1 0 33 2 754 
0 1 0 33 3 755 
0 1 0 33 4 756 
0 1 0 33 5 757 
0 1 0 33 6 758 
0 1 0 33 7 759 
0 1 0 34 0 760 
0 1 0 34 1 761 
0 1 0 34 2 762 
0 1 0 34 3 763 
0 1 0 34 4 764 
0 1 0 34 5 765 
0 1 0 34 6 766 
0 1 0 34 7 767 
0 1 0 35 0 768 
0 1 0 35 1 769 
0 1 0 35 2 770 
0 1 0 35 3 771 
0 1 0 35 4 772 
0 1 0 35 5 773 
0 1 0 35 6 774 
0 1 0 35 7 775 
0 1 0 36 0 776 
0 1 0 36 1 777 
0 1 0 36 2 778 
0 1 0 36 3 779 
0 1 0 36 4 780 
0 1 0 36 5 781 
0 1 0 36 6 782 
0 1 0 36 7 783 
0 1 0 37 0 784 
0 1 0 37 1 785 
0 1 0 37 2 786 
0 1 0 37 3 787 
0 1 0 37 4 788 
0 1 0 37 5 789 
0 1 0 37 6 790 
0 1 0 37 7 791 
0 1 0 38 0 792 
0 1 0 38 1 793 
0 1 0 38 2 794 
0 1 0 38 3 795 
0 1 0 38 4 796 
0 1 0 38 5 797 
0 1 0 38 6 798 
0 1 0 38 7 799 
0 1 0 39 0 800 
0 1 0 39 1 801 
0 1 0 39 2 802 
0 1 0 39 3 803 
0 1 0 39 4 804 
0 1 0 39 5 805 
0 1 0 39 6 806 
0 1 0 39 7 807 
0 1 0 40 0 808 
0 1 0 40 1 809 
0 1 0 40 2 810 
0 1 0 40 3 811 
0 1 0 40 4 812 
0 1 0 40 5 813 
0 1 0 40 6 814 
0 1 0 40 7 815 
0 1 0 41 0 816 
0 1 0 41 1 817 
0 1 0 41 2 818 
0 1 0 41 3 819 
0 1 0 41 4 820 
0 1 0 41 5 821 
0 1 0 41 6 822 
0 1 0 41 7 823 
0 1 0 42 0 824 
0 1 0 42 1 825 
0 1 0 42 2 826 
0 1 0 42 3 827 
0 1 0 42 4 828 
0 1 0 42 5 829 
0 1 0 42 6 830 
0 1 0 42 7 831 
0 1 0 43 0 832 
0 1 0 43 1 833 
0 1 0 43 2 834 
0 1 0 43 3 835 
0 1 0 43 4 836 
0 1 0 43 5 837 
0 1 0 43 6 838 
0 1 0 43 7 839 
0 1 0 44 0 840 
0 1 0 44 1 841 
0 1 0 44 2 842 
0 1 0 44 3 843 
0 1 0 44 4 844 
0 1 0 44 5 845 
0 1 0 44 6 846 
0 1 0 44 7 847 
0 1 0 45 0 848 
0 1 0 45 1 849 
0 1 0 45 2 850 
0 1 0 45 3 851 
0 1 0 45 4 852 
0 1 0 45 5 853 
0 1 0 45 6 854 
0 1 0 45 7 855 
0 1 0 46 0 856 
0 1 0 46 1 857 
0 1 0 46 2 858 
0 1 0 46 3 859 
0 1 0 46 4 860 
0 1 0 46 5 861 
0 1 0 46 6 862 
0 1 0 46 7 863 
0 1 0 47 0 864 
0 1 0 47 1 865 
0 1 0 47 2 866 
0 1 0 47 3 867 
0 1 0 47 4 868 
0 1 0 47 5 869 
0 1 0 47 6 870 
0 1 0 47 7 871 
0 1 0 48 0 872 
0 1 0 48 1 873 
0 1 0 48 2 874 
0 1 0 48 3 875 
0 1 0 48 4 876 
0 1 0 48 5 877 
0 1 0 48 6 878 
0 1 0 48 7 879 
0 1 0 49 0 880 
0 1 0 49 1 881 
0 1 0 49 2 882 
0 1 0 49 3 883 
0 1 0 49 4 884 
0 1 0 49 5 885 
0 1 0 49 6 886 
0 1 0 49 7 887 
0 1 0 50 0 888 
0 1 0 50 1 889 
0 1 0 50 2 890 
0 1 0 50 3 891 
0 1 0 50 4 892 
0 1 0 50 5 893 
0 1 0 50 6 894 
0 1 0 50 7 895 
0 1 0 51 0 896 
0 1 0 51 1 897 
0 1 0 51 2 898 
0 1 0 51 3 899 
0 1 0 51 4 900 
0 1 0 51 5 901 
0 1 0 51 6 902 
0 1 0 51 7 903 
0 1 0 52 0 904 
0 1 0 52 1 905 
0 1 0 52 2 906 
0 1 0 52 3 907 
0 1 0 52 4 908 
0 1 0 52 5 909 
0 1 0 52 6 910 
0 1 0 52 7 911 
0 1 0 53 0 912 
0 1 0 53 1 913 
0 1 0 53 2 914 
0 1 0 53 3 915 
0 1 0 53 4 916 
0 1 0 53 5 917 
0 1 0 53 6 918 
0 1 0 53 7 919 
0 1 0 54 0 920 
0 1 0 54 1 921 
0 1 0 54 2 922 
0 1 0 54 3 923 
0 1 0 54 4 924 
0 1 0 54 5 925 
0 1 0 54 6 926 
0 1 0 54 7 927 
0 1 0 55 0 928 
0 1 0 55 1 929 
0 1 0 55 2 930 
0 1 0 55 3 931 
0 1 0 55 4 932 
0 1 0 55 5 933 
0 1 0 55 6 934 
0 1 0 55 7 935 
0 1 0 56 0 936 
0 1 0 56 1 937 
0 1 0 56 2 938 
0 1 0 56 3 939 
0 1 0 56 4 940 
0 1 0 56 5 941 
0 1 0 56 6 942 
0 1 0 56 7 943 
0 1 0 57 0 944 
0 1 0 57 1 945 
0 1 0 57 2 946 
0 1 0 57 3 947 
0 1 0 57 4 948 
0 1 0 57 5 949 
0 1 0 57 6 950 
0 1 0 57 7 951 
0 1 0 58 0 952 
0 1 0 58 1 953 
0 1 0 58 2 954 
0 1 0 58 3 955 
0 1 0 58 4 956 
0 1 0 58 5 957 
0 1 0 58 6 958 
0 1 0 58 7 959 
0 1 0 59 0 960 
0 1 0 59 1 961 
0 1 0 59 2 962 
0 1 0 59 3 963 
0 1 0 59 4 964 
0 1 0 59 5 965 
0 1 0 59 6 966 
0 1 0 59 7 967 
0 1 0 60 0 968 
0 1 0 60 1 969 
0 1 0 60 2 970 
0 1 0 60 3 971 
0 1 0 60 4 972 
0 1 0 60 5 973 
0 1 0 60 6 974 
0 1 0 60 7 975 
1 0 0 0 0 976 
1 0 0 0 1 977 
1 0 0 0 2 978 
1 0 0 0 3 979 
1 0 0 0 4 980 
1 0 0 0 5 981 
1 0 0 0 6 982 
1 0 0 0 7 983 
1 0 0 1 0 984 
1 0 0 1 1 985 
1 0 0 1 2 986 
1 0 0 1 3 987 
1 0 0 1 4 988 
1 0 0 1 5 989 
1 0 0 1 6 990 
1 0 0 1 7 991 
1 0 0 2 0 992 
1 0 0 2 1 993 
1 0 0 2 2 994 
1 0 0 2 3 995 
1 0 0 2 4 996 
1 0 0 2 5 997 
1 0 0 2 6 998 
1 0 0 2 7 999 
1 0 0 3 0 1000 
1 0 0 3 1 1001 
1 0 0 3 2 1002 
1 0 0 3 3 1003 
1 0 0 3 4 1004 
1 0 0 3 5 1005 
1 0 0 3 6 1006 
1 0 0 3 7 1007 
1 0 0 4 0 1008 
1 0 0 4 1 1009 
1 0 0 4 2 1010 
1 0 0 4 3 1011 
1 0 0 4 4 1012 
1 0 0 4 5 1013 
1 0 0 4 6 1014 
1 0 0 4 7 1015 
1 0 0 5 0 1016 
1 0 0 5 1 1017 
1 0 0 5 2 1018 
1 0 0 5 3 1019 
1 0 0 5 4 1020 
1 0 0 5 5 1021 
1 0 0 5 6 1022 
1 0 0 5 7 1023 
1 0 0 6 0 1024 
1 0 0 6 1 1025 
1 0 0 6 2 1026 
1 0 0 6 3 1027 
1 0 0 6 4 1028 
1 0 0 6 5 1029 
1 0 0 6 6 1030 
1 0 0 6 7 1031 
1 0 0 7 0 1032 
1 0 0 7 1 1033 
1 0 0 7 2 1034 
1 0 0 7 3 1035 
1 0 0 7 4 1036 
1 0 0 7 5 1037 
1 0 0 7 6 1038 
1 0 0 7 7 1039 
1 0 0 8 0 1040 
1 0 0 8 1 1041 
1 0 0 8 2 1042 
1 0 0 8 3 1043 
1 0 0 8 4 1044 
1 0 0 8 5 1045 
1 0 0 8 6 1046 
1 0 0 8 7 1047 
1 0 0 9 0 1048 
1 0 0 9 1 1049 
1 0 0 9 2 1050 
1 0 0 9 3 1051 
1 0 0 9 4 1052 
1 0 0 9 5 1053 
1 0 0 9 6 1054 
1 0 0 9 7 1055 
1 0 0 10 0 1056 
1 0 0 10 1 1057 
1 0 0 10 2 1058 
1 0 0 10 3 1059 
1 0 0 10 4 1060 
1 0 0 10 5 1061 
1 0 0 10 6 1062 
1 0 0 10 7 1063 
1 0 0 11 0 1064 
1 0 0 11 1 1065 
1 0 0 11 2 1066 
1 0 0 11 3 1067 
1 0 0 11 4 1068 
1 0 0 11 5 1069 
1 0 0 11 6 1070 
1 0 0 11 7 1071 
1 0 0 12 0 1072 
1 0 0 12 1 1073 
1 0 0 12 2 1074 
1 0 0 12 3 1075 
1 0 0 12 4 1076 
1 0 0 12 5 1077 
1 0 0 12 6 1078 
1 0 0 12 7 1079 
1 0 0 13 0 1080 
1 0 0 13 1 1081 
1 0 0 13 2 1082 
1 0 0 13 3 1083 
1 0 0 13 4 1084 
1 0 0 13 5 1085 
1 0 0 13 6 1086 
1 0 0 13 7 1087 
1 0 0 14 0 1088 
1 0 0 14 1 1089 
1 0 0 14 2 1090 
1 0 0 14 3 1091 
1 0 0 14 4 1092 
1 0 0 14 5 1093 
1 0 0 14 6 1094 
1 0 0 14 7 1095 
1 0 0 15 0 1096 
1 0 0 15 1 1097 
1 0 0 15 2 1098 
1 0 0 15 3 1099 
1 0 0 15 4 1100 
1 0 0 15 5 1101 
1 0 0 15 6 1102 
1 0 0 15 7 1103 
1 0 0 16 0 1104 
1 0 0 16 1 1105 
1 0 0 16 2 1106 
1 0 0 16 3 1107 
1 0 0 16 4 1108 
1 0 0 16 5 1109 
1 0 0 16 6 1110 
1 0 0 16 7 1111 
1 0 0 17 0 1112 
1 0 0 17 1 1113 
1 0 0 17 2 1114 
1 0 0 17 3 1115 
1 0 0 17 4 1116 
1 0 0 17 5 1117 
1 0 0 17 6 1118 
1 0 0 17 7 1119 
1 0 0 18 0 1120 
1 0 0 18 1 1121 
1 0 0 18 2 1122 
1 0 0 18 3 1123 
1 0 0 18 4 1124 
1 0 0 18 5 1125 
1 0 0 18 6 1126 
1 0 0 18 7 1127 
1 0 0 19 0 1128 
1 0 0 19 1 1129 
1 0 0 19 2 1130 
1 0 0 19 3 1131 
1 0 0 19 4 1132 
1 0 0 19 5 1133 
1 0 0 19 6 1134 
1 0 0 19 7 1135 
1 0 0 20 0 1136 
1 0 0 20 1 1137 
1 0 0 20 2 1138 
1 0 0 20 3 1139 
1 0 0 20 4 1140 
1 0 0 20 5 1141 
1 0 0 20 6 1142 
1 0 0 20 7 1143 
1 0 0 21 0 1144 
1 0 0 21 1 1145 
1 0 0 21 2 1146 
1 0 0 21 3 1147 
1 0 0 21 4 1148 
1 0 0 21 5 1149 
1 0 0 21 6 1150 
1 0 0 21 7 1151 
1 0 0 22 0 1152 
1 0 0 22 1 1153 
1 0 0 22 2 1154 
1 0 0 22 3 1155 
1 0 0 22 4 1156 
1 0 0 22 5 1157 
1 0 0 22 6 1158 
1 0 0 22 7 1159 
1 0 0 23 0 1160 
1 0 0 23 1 1161 
1 0 0 23 2 1162 
1 0 0 23 3 1163 
1 0 0 23 4 1164 
1 0 0 23 5 1165 
1 0 0 23 6 1166 
1 0 0 23 7 1167 
1 0 0 24 0 1168 
1 0 0 24 1 1169 
1 0 0 24 2 1170 
1 0 0 24 3 1171 
1 0 0 24 4 1172 
1 0 0 24 5 1173 
1 0 0 24 6 1174 
1 0 0 24 7 1175 
1 0 0 25 0 1176 
1 0 0 25 1 1177 
1 0 0 25 2 1178 
1 0 0 25 3 1179 
1 0 0 25 4 1180 
1 0 0 25 5 1181 
1 0 0 25 6 1182 
1 0 0 25 7 1183 
1 0 0 26 0 1184 
1 0 0 26 1 1185 
1 0 0 26 2 1186 
1 0 0 26 3 1187 
1 0 0 26 4 1188 
1 0 0 26 5 1189 
1 0 0 26 6 1190 
1 0 0 26 7 1191 
1 0 0 27 0 1192 
1 0 0 27 1 1193 
1 0 0 27 2 1194 
1 0 0 27 3 1195 
1 0 0 27 4 1196 
1 0 0 27 5 1197 
1 0 0 27 6 1198 
1 0 0 27 7 1199 
1 0 0 28 0 1200 
1 0 0 28 1 1201 
1 0 0 28 2 1202 
1 0 0 28 3 1203 
1 0 0 28 4 1204 
1 0 0 28 5 1205 
1 0 0 28 6 1206 
1 0 0 28 7 1207 
1 0 0 29 0 1208 
1 0 0 29 1 1209 
1 0 0 29 2 1210 
1 0 0 29 3 1211 
1 0 0 29 4 1212 
1 0 0 29 5 1213 
1 0 0 29 6 1214 
1 0 0 29 7 1215 
1 0 0 30 0 1216 
1 0 0 30 1 1217 
1 0 0 30 2 1218 
1 0 0 30 3 1219 
1 0 0 30 4 1220 
1 0 0 30 5 1221 
1 0 0 30 6 1222 
1 0 0 30 7 1223 
1 0 0 31 0 1224 
1 0 0 31 1 1225 
1 0 0 31 2 1226 
1 0 0 31 3 1227 
1 0 0 31 4 1228 
1 0 0 31 5 1229 
1 0 0 31 6 1230 
1 0 0 31 7 1231 
1 0 0 32 0 1232 
1 0 0 32 1 1233 
1 0 0 32 2 1234 
1 0 0 32 3 1235 
1 0 0 32 4 1236 
1 0 0 32 5 1237 
1 0 0 32 6 1238 
1 0 0 32 7 1239 
1 0 0 33 0 1240 
1 0 0 33 1 1241 
1 0 0 33 2 1242 
1 0 0 33 3 1243 
1 0 0 33 4 1244 
1 0 0 33 5 1245 
1 0 0 33 6 1246 
1 0 0 33 7 1247 
1 0 0 34 0 1248 
1 0 0 34 1 1249 
1 0 0 34 2 1250 
1 0 0 34 3 1251 
1 0 0 34 4 1252 
1 0 0 34 5 1253 
1 0 0 34 6 1254 
1 0 0 34 7 1255 
1 0 0 35 0 1256 
1 0 0 35 1 1257 
1 0 0 35 2 1258 
1 0 0 35 3 1259 
1 0 0 35 4 1260 
1 0 0 35 5 1261 
1 0 0 35 6 1262 
1 0 0 35 7 1263 
1 0 0 36 0 1264 
1 0 0 36 1 1265 
1 0 0 36 2 1266 
1 0 0 36 3 1267 
1 0 0 36 4 1268 
1 0 0 36 5 1269 
1 0 0 36 6 1270 
1 0 0 36 7 1271 
1 0 0 37 0 1272 
1 0 0 37 1 1273 
1 0 0 37 2 1274 
1 0 0 37 3 1275 
1 0 0 37 4 1276 
1 0 0 37 5 1277 
1 0 0 37 6 1278 
1 0 0 37 7 1279 
1 0 0 38 0 1280 
1 0 0 38 1 1281 
1 0 0 38 2 1282 
1 0 0 38 3 1283 
1 0 0 38 4 1284 
1 0 0 38 5 1285 
1 0 0 38 6 1286 
1 0 0 38 7 1287 
1 0 0 39 0 1288 
1 0 0 39 1 1289 
1 0 0 39 2 1290 
1 0 0 39 3 1291 
1 0 0 39 4 1292 
1 0 0 39 5 1293 
1 0 0 39 6 1294 
1 0 0 39 7 1295 
1 0 0 40 0 1296 
1 0 0 40 1 1297 
1 0 0 40 2 1298 
1 0 0 40 3 1299 
1 0 0 40 4 1300 
1 0 0 40 5 1301 
1 0 0 40 6 1302 
1 0 0 40 7 1303 
1 0 0 41 0 1304 
1 0 0 41 1 1305 
1 0 0 41 2 1306 
1 0 0 41 3 1307 
1 0 0 41 4 1308 
1 0 0 41 5 1309 
1 0 0 41 6 1310 
1 0 0 41 7 1311 
1 0 0 42 0 1312 
1 0 0 42 1 1313 
1 0 0 42 2 1314 
1 0 0 42 3 1315 
1 0 0 42 4 1316 
1 0 0 42 5 1317 
1 0 0 42 6 1318 
1 0 0 42 7 1319 
1 0 0 43 0 1320 
1 0 0 43 1 1321 
1 0 0 43 2 1322 
1 0 0 43 3 1323 
1 0 0 43 4 1324 
1 0 0 43 5 1325 
1 0 0 43 6 1326 
1 0 0 43 7 1327 
1 0 0 44 0 1328 
1 0 0 44 1 1329 
1 0 0 44 2 1330 
1 0 0 44 3 1331 
1 0 0 44 4 1332 
1 0 0 44 5 1333 
1 0 0 44 6 1334 
1 0 0 44 7 1335 
1 0 0 45 0 1336 
1 0 0 45 1 1337 
1 0 0 45 2 1338 
1 0 0 45 3 1339 
1 0 0 45 4 1340 
1 0 0 45 5 1341 
1 0 0 45 6 1342 
1 0 0 45 7 1343 
1 0 0 46 0 1344 
1 0 0 46 1 1345 
1 0 0 46 2 1346 
1 0 0 46 3 1347 
1 0 0 46 4 1348 
1 0 0 46 5 1349 
1 0 0 46 6 1350 
1 0 0 46 7 1351 
1 0 0 47 0 1352 
1 0 0 47 1 1353 
1 0 0 47 2 1354 
1 0 0 47 3 1355 
1 0 0 47 4 1356 
1 0 0 47 5 1357 
1 0 0 47 6 1358 
1 0 0 47 7 1359 
1 0 0 48 0 1360 
1 0 0 48 1 1361 
1 0 0 48 2 1362 
1 0 0 48 3 1363 
1 0 0 48 4 1364 
1 0 0 48 5 1365 
1 0 0 48 6 1366 
1 0 0 48 7 1367 
1 0 0 49 0 1368 
1 0 0 49 1 1369 
1 0 0 49 2 1370 
1 0 0 49 3 1371 
1 0 0 49 4 1372 
1 0 0 49 5 1373 
1 0 0 49 6 1374 
1 0 0 49 7 1375 
1 0 0 50 0 1376 
1 0 0 50 1 1377 
1 0 0 50 2 1378 
1 0 0 50 3 1379 
1 0 0 50 4 1380 
1 0 0 50 5 1381 
1 0 0 50 6 1382 
1 0 0 50 7 1383 
1 0 0 51 0 1384 
1 0 0 51 1 1385 
1 0 0 51 2 1386 
1 0 0 51 3 1387 
1 0 0 51 4 1388 
1 0 0 51 5 1389 
1 0 0 51 6 1390 
1 0 0 51 7 1391 
1 0 0 52 0 1392 
1 0 0 52 1 1393 
1 0 0 52 2 1394 
1 0 0 52 3 1395 
1 0 0 52 4 1396 
1 0 0 52 5 1397 
1 0 0 52 6 1398 
1 0 0 52 7 1399 
1 0 0 53 0 1400 
1 0 0 53 1 1401 
1 0 0 53 2 1402 
1 0 0 53 3 1403 
1 0 0 53 4 1404 
1 0 0 53 5 1405 
1 0 0 53 6 1406 
1 0 0 53 7 1407 
1 0 0 54 0 1408 
1 0 0 54 1 1409 
1 0 0 54 2 1410 
1 0 0 54 3 1411 
1 0 0 54 4 1412 
1 0 0 54 5 1413 
1 0 0 54 6 1414 
1 0 0 54 7 1415 
1 0 0 55 0 1416 
1 0 0 55 1 1417 
1 0 0 55 2 1418 
1 0 0 55 3 1419 
1 0 0 55 4 1420 
1 0 0 55 5 1421 
1 0 0 55 6 1422 
1 0 0 55 7 1423 
1 0 0 56 0 1424 
1 0 0 56 1 1425 
1 0 0 56 2 1426 
1 0 0 56 3 1427 
1 0 0 56 4 1428 
1 0 0 56 5 1429 
1 0 0 56 6 1430 
1 0 0 56 7 1431 
1 0 0 57 0 1432 
1 0 0 57 1 1433 
1 0 0 57 2 1434 
1 0 0 57 3 1435 
1 0 0 57 4 1436 
1 0 0 57 5 1437 
1 0 0 57 6 1438 
1 0 0 57 7 1439 
1 0 0 58 0 1440 
1 0 0 58 1 1441 
1 0 0 58 2 1442 
1 0 0 58 3 1443 
1 0 0 58 4 1444 
1 0 0 58 5 1445 
1 0 0 58 6 1446 
1 0 0 58 7 1447 
1 0 0 59 0 1448 
1 0 0 59 1 1449 
1 0 0 59 2 1450 
1 0 0 59 3 1451 
1 0 0 59 4 1452 
1 0 0 59 5 1453 
1 0 0 59 6 1454 
1 0 0 59 7 1455 
1 0 0 60 0 1456 
1 0 0 60 1 1457 
1 0 0 60 2 1458 
1 0 0 60 3 1459 
1 0 0 60 4 1460 
1 0 0 60 5 1461 
1 0 0 60 6 1462 
1 0 0 60 7 1463 
1 1 0 0 0 1464 
1 1 0 0 1 1465 
1 1 0 0 2 1466 
1 1 0 0 3 1467 
1 1 0 0 4 1468 
1 1 0 0 5 1469 
1 1 0 0 6 1470 
1 1 0 0 7 1471 
1 1 0 1 0 1472 
1 1 0 1 1 1473 
1 1 0 1 2 1474 
1 1 0 1 3 1475 
1 1 0 1 4 1476 
1 1 0 1 5 1477 
1 1 0 1 6 1478 
1 1 0 1 7 1479 
1 1 0 2 0 1480 
1 1 0 2 1 1481 
1 1 0 2 2 1482 
1 1 0 2 3 1483 
1 1 0 2 4 1484 
1 1 0 2 5 1485 
1 1 0 2 6 1486 
1 1 0 2 7 1487 
1 1 0 3 0 1488 
1 1 0 3 1 1489 
1 1 0 3 2 1490 
1 1 0 3 3 1491 
1 1 0 3 4 1492 
1 1 0 3 5 1493 
1 1 0 3 6 1494 
1 1 0 3 7 1495 
1 1 0 4 0 1496 
1 1 0 4 1 1497 
1 1 0 4 2 1498 
1 1 0 4 3 1499 
1 1 0 4 4 1500 
1 1 0 4 5 1501 
1 1 0 4 6 1502 
1 1 0 4 7 1503 
1 1 0 5 0 1504 
1 1 0 5 1 1505 
1 1 0 5 2 1506 
1 1 0 5 3 1507 
1 1 0 5 4 1508 
1 1 0 5 5 1509 
1 1 0 5 6 1510 
1 1 0 5 7 1511 
1 1 0 6 0 1512 
1 1 0 6 1 1513 
1 1 0 6 2 1514 
1 1 0 6 3 1515 
1 1 0 6 4 1516 
1 1 0 6 5 1517 
1 1 0 6 6 1518 
1 1 0 6 7 1519 
1 1 0 7 0 1520 
1 1 0 7 1 1521 
1 1 0 7 2 1522 
1 1 0 7 3 1523 
1 1 0 7 4 1524 
1 1 0 7 5 1525 
1 1 0 7 6 1526 
1 1 0 7 7 1527 
1 1 0 8 0 1528 
1 1 0 8 1 1529 
1 1 0 8 2 1530 
1 1 0 8 3 1531 
1 1 0 8 4 1532 
1 1 0 8 5 1533 
1 1 0 8 6 1534 
1 1 0 8 7 1535 
1 1 0 9 0 1536 
1 1 0 9 1 1537 
1 1 0 9 2 1538 
1 1 0 9 3 1539 
1 1 0 9 4 1540 
1 1 0 9 5 1541 
1 1 0 9 6 1542 
1 1 0 9 7 1543 
1 1 0 10 0 1544 
1 1 0 10 1 1545 
1 1 0 10 2 1546 
1 1 0 10 3 1547 
1 1 0 10 4 1548 
1 1 0 10 5 1549 
1 1 0 10 6 1550 
1 1 0 10 7 1551 
1 1 0 11 0 1552 
1 1 0 11 1 1553 
1 1 0 11 2 1554 
1 1 0 11 3 1555 
1 1 0 11 4 1556 
1 1 0 11 5 1557 
1 1 0 11 6 1558 
1 1 0 11 7 1559 
1 1 0 12 0 1560 
1 1 0 12 1 1561 
1 1 0 12 2 1562 
1 1 0 12 3 1563 
1 1 0 12 4 1564 
1 1 0 12 5 1565 
1 1 0 12 6 1566 
1 1 0 12 7 1567 
1 1 0 13 0 1568 
1 1 0 13 1 1569 
1 1 0 13 2 1570 
1 1 0 13 3 1571 
1 1 0 13 4 1572 
1 1 0 13 5 1573 
1 1 0 13 6 1574 
1 1 0 13 7 1575 
1 1 0 14 0 1576 
1 1 0 14 1 1577 
1 1 0 14 2 1578 
1 1 0 14 3 1579 
1 1 0 14 4 1580 
1 1 0 14 5 1581 
1 1 0 14 6 1582 
1 1 0 14 7 1583 
1 1 0 15 0 1584 
1 1 0 15 1 1585 
1 1 0 15 2 1586 
1 1 0 15 3 1587 
1 1 0 15 4 1588 
1 1 0 15 5 1589 
1 1 0 15 6 1590 
1 1 0 15 7 1591 
1 1 0 16 0 1592 
1 1 0 16 1 1593 
1 1 0 16 2 1594 
1 1 0 16 3 1595 
1 1 0 16 4 1596 
1 1 0 16 5 1597 
1 1 0 16 6 1598 
1 1 0 16 7 1599 
1 1 0 17 0 1600 
1 1 0 17 1 1601 
1 1 0 17 2 1602 
1 1 0 17 3 1603 
1 1 0 17 4 1604 
1 1 0 17 5 1605 
1 1 0 17 6 1606 
1 1 0 17 7 1607 
1 1 0 18 0 1608 
1 1 0 18 1 1609 
1 1 0 18 2 1610 
1 1 0 18 3 1611 
1 1 0 18 4 1612 
1 1 0 18 5 1613 
1 1 0 18 6 1614 
1 1 0 18 7 1615 
1 1 0 19 0 1616 
1 1 0 19 1 1617 
1 1 0 19 2 1618 
1 1 0 19 3 1619 
1 1 0 19 4 1620 
1 1 0 19 5 1621 
1 1 0 19 6 1622 
1 1 0 19 7 1623 
1 1 0 20 0 1624 
1 1 0 20 1 1625 
1 1 0 20 2 1626 
1 1 0 20 3 1627 
1 1 0 20 4 1628 
1 1 0 20 5 1629 
1 1 0 20 6 1630 
1 1 0 20 7 1631 
1 1 0 21 0 1632 
1 1 0 21 1 1633 
1 1 0 21 2 1634 
1 1 0 21 3 1635 
1 1 0 21 4 1636 
1 1 0 21 5 1637 
1 1 0 21 6 1638 
1 1 0 21 7 1639 
1 1 0 22 0 1640 
1 1 0 22 1 1641 
1 1 0 22 2 1642 
1 1 0 22 3 1643 
1 1 0 22 4 1644 
1 1 0 22 5 1645 
1 1 0 22 6 1646 
1 1 0 22 7 1647 
1 1 0 23 0 1648 
1 1 0 23 1 1649 
1 1 0 23 2 1650 
1 1 0 23 3 1651 
1 1 0 23 4 1652 
1 1 0 23 5 1653 
1 1 0 23 6 1654 
1 1 0 23 7 1655 
1 1 0 24 0 1656 
1 1 0 24 1 1657 
1 1 0 24 2 1658 
1 1 0 24 3 1659 
1 1 0 24 4 1660 
1 1 0 24 5 1661 
1 1 0 24 6 1662 
1 1 0 24 7 1663 
1 1 0 25 0 1664 
1 1 0 25 1 1665 
1 1 0 25 2 1666 
1 1 0 25 3 1667 
1 1 0 25 4 1668 
1 1 0 25 5 1669 
1 1 0 25 6 1670 
1 1 0 25 7 1671 
1 1 0 26 0 1672 
1 1 0 26 1 1673 
1 1 0 26 2 1674 
1 1 0 26 3 1675 
1 1 0 26 4 1676 
1 1 0 26 5 1677 
1 1 0 26 6 1678 
1 1 0 26 7 1679 
1 1 0 27 0 1680 
1 1 0 27 1 1681 
1 1 0 27 2 1682 
1 1 0 27 3 1683 
1 1 0 27 4 1684 
1 1 0 27 5 1685 
1 1 0 27 6 1686 
1 1 0 27 7 1687 
1 1 0 28 0 1688 
1 1 0 28 1 1689 
1 1 0 28 2 1690 
1 1 0 28 3 1691 
1 1 0 28 4 1692 
1 1 0 28 5 1693 
1 1 0 28 6 1694 
1 1 0 28 7 1695 
1 1 0 29 0 1696 
1 1 0 29 1 1697 
1 1 0 29 2 1698 
1 1 0 29 3 1699 
1 1 0 29 4 1700 
1 1 0 29 5 1701 
1 1 0 29 6 1702 
1 1 0 29 7 1703 
1 1 0 30 0 1704 
1 1 0 30 1 1705 
1 1 0 30 2 1706 
1 1 0 30 3 1707 
1 1 0 30 4 1708 
1 1 0 30 5 1709 
1 1 0 30 6 1710 
1 1 0 30 7 1711 
1 1 0 31 0 1712 
1 1 0 31 1 1713 
1 1 0 31 2 1714 
1 1 0 31 3 1715 
1 1 0 31 4 1716 
1 1 0 31 5 1717 
1 1 0 31 6 1718 
1 1 0 31 7 1719 
1 1 0 32 0 1720 
1 1 0 32 1 1721 
1 1 0 32 2 1722 
1 1 0 32 3 1723 
1 1 0 32 4 1724 
1 1 0 32 5 1725 
1 1 0 32 6 1726 
1 1 0 32 7 1727 
1 1 0 33 0 1728 
1 1 0 33 1 1729 
1 1 0 33 2 1730 
1 1 0 33 3 1731 
1 1 0 33 4 1732 
1 1 0 33 5 1733 
1 1 0 33 6 1734 
1 1 0 33 7 1735 
1 1 0 34 0 1736 
1 1 0 34 1 1737 
1 1 0 34 2 1738 
1 1 0 34 3 1739 
1 1 0 34 4 1740 
1 1 0 34 5 1741 
1 1 0 34 6 1742 
1 1 0 34 7 1743 
1 1 0 35 0 1744 
1 1 0 35 1 1745 
1 1 0 35 2 1746 
1 1 0 35 3 1747 
1 1 0 35 4 1748 
1 1 0 35 5 1749 
1 1 0 35 6 1750 
1 1 0 35 7 1751 
1 1 0 36 0 1752 
1 1 0 36 1 1753 
1 1 0 36 2 1754 
1 1 0 36 3 1755 
1 1 0 36 4 1756 
1 1 0 36 5 1757 
1 1 0 36 6 1758 
1 1 0 36 7 1759 
1 1 0 37 0 1760 
1 1 0 37 1 1761 
1 1 0 37 2 1762 
1 1 0 37 3 1763 
1 1 0 37 4 1764 
1 1 0 37 5 1765 
1 1 0 37 6 1766 
1 1 0 37 7 1767 
1 1 0 38 0 1768 
1 1 0 38 1 1769 
1 1 0 38 2 1770 
1 1 0 38 3 1771 
1 1 0 38 4 1772 
1 1 0 38 5 1773 
1 1 0 38 6 1774 
1 1 0 38 7 1775 
1 1 0 39 0 1776 
1 1 0 39 1 1777 
1 1 0 39 2 1778 
1 1 0 39 3 1779 
1 1 0 39 4 1780 
1 1 0 39 5 1781 
1 1 0 39 6 1782 
1 1 0 39 7 1783 
1 1 0 40 0 1784 
1 1 0 40 1 1785 
1 1 0 40 2 1786 
1 1 0 40 3 1787 
1 1 0 40 4 1788 
1 1 0 40 5 1789 
1 1 0 40 6 1790 
1 1 0 40 7 1791 
1 1 0 41 0 1792 
1 1 0 41 1 1793 
1 1 0 41 2 1794 
1 1 0 41 3 1795 
1 1 0 41 4 1796 
1 1 0 41 5 1797 
1 1 0 41 6 1798 
1 1 0 41 7 1799 
1 1 0 42 0 1800 
1 1 0 42 1 1801 
1 1 0 42 2 1802 
1 1 0 42 3 1803 
1 1 0 42 4 1804 
1 1 0 42 5 1805 
1 1 0 42 6 1806 
1 1 0 42 7 1807 
1 1 0 43 0 1808 
1 1 0 43 1 1809 
1 1 0 43 2 1810 
1 1 0 43 3 1811 
1 1 0 43 4 1812 
1 1 0 43 5 1813 
1 1 0 43 6 1814 
1 1 0 43 7 1815 
1 1 0 44 0 1816 
1 1 0 44 1 1817 
1 1 0 44 2 1818 
1 1 0 44 3 1819 
1 1 0 44 4 1820 
1 1 0 44 5 1821 
1 1 0 44 6 1822 
1 1 0 44 7 1823 
1 1 0 45 0 1824 
1 1 0 45 1 1825 
1 1 0 45 2 1826 
1 1 0 45 3 1827 
1 1 0 45 4 1828 
1 1 0 45 5 1829 
1 1 0 45 6 1830 
1 1 0 45 7 1831 
1 1 0 46 0 1832 
1 1 0 46 1 1833 
1 1 0 46 2 1834 
1 1 0 46 3 1835 
1 1 0 46 4 1836 
1 1 0 46 5 1837 
1 1 0 46 6 1838 
1 1 0 46 7 1839 
1 1 0 47 0 1840 
1 1 0 47 1 1841 
1 1 0 47 2 1842 
1 1 0 47 3 1843 
1 1 0 47 4 1844 
1 1 0 47 5 1845 
1 1 0 47 6 1846 
1 1 0 47 7 1847 
1 1 0 48 0 1848 
1 1 0 48 1 1849 
1 1 0 48 2 1850 
1 1 0 48 3 1851 
1 1 0 48 4 1852 
1 1 0 48 5 1853 
1 1 0 48 6 1854 
1 1 0 48 7 1855 
1 1 0 49 0 1856 
1 1 0 49 1 1857 
1 1 0 49 2 1858 
1 1 0 49 3 1859 
1 1 0 49 4 1860 
1 1 0 49 5 1861 
1 1 0 49 6 1862 
1 1 0 49 7 1863 
1 1 0 50 0 1864 
1 1 0 50 1 1865 
1 1 0 50 2 1866 
1 1 0 50 3 1867 
1 1 0 50 4 1868 
1 1 0 50 5 1869 
1 1 0 50 6 1870 
1 1 0 50 7 1871 
1 1 0 51 0 1872 
1 1 0 51 1 1873 
1 1 0 51 2 1874 
1 1 0 51 3 1875 
1 1 0 51 4 1876 
1 1 0 51 5 1877 
1 1 0 51 6 1878 
1 1 0 51 7 1879 
1 1 0 52 0 1880 
1 1 0 52 1 1881 
1 1 0 52 2 1882 
1 1 0 52 3 1883 
1 1 0 52 4 1884 
1 1 0 52 5 1885 
1 1 0 52 6 1886 
1 1 0 52 7 1887 
1 1 0 53 0 1888 
1 1 0 53 1 1889 
1 1 0 53 2 1890 
1 1 0 53 3 1891 
1 1 0 53 4 1892 
1 1 0 53 5 1893 
1 1 0 53 6 1894 
1 1 0 53 7 1895 
1 1 0 54 0 1896 
1 1 0 54 1 1897 
1 1 0 54 2 1898 
1 1 0 54 3 1899 
1 1 0 54 4 1900 
1 1 0 54 5 1901 
1 1 0 54 6 1902 
1 1 0 54 7 1903 
1 1 0 55 0 1904 
1 1 0 55 1 1905 
1 1 0 55 2 1906 
1 1 0 55 3 1907 
1 1 0 55 4 1908 
1 1 0 55 5 1909 
1 1 0 55 6 1910 
1 1 0 55 7 1911 
1 1 0 56 0 1912 
1 1 0 56 1 1913 
1 1 0 56 2 1914 
1 1 0 56 3 1915 
1 1 0 56 4 1916 
1 1 0 56 5 1917 
1 1 0 56 6 1918 
1 1 0 56 7 1919 
1 1 0 57 0 1920 
1 1 0 57 1 1921 
1 1 0 57 2 1922 
1 1 0 57 3 1923 
1 1 0 57 4 1924 
1 1 0 57 5 1925 
1 1 0 57 6 1926 
1 1 0 57 7 1927 
1 1 0 58 0 1928 
1 1 0 58 1 1929 
1 1 0 58 2 1930 
1 1 0 58 3 1931 
1 1 0 58 4 1932 
1 1 0 58 5 1933 
1 1 0 58 6 1934 
1 1 0 58 7 1935 
1 1 0 59 0 1936 
1 1 0 59 1 1937 
1 1 0 59 2 1938 
1 1 0 59 3 1939 
1 1 0 59 4 1940 
1 1 0 59 5 1941 
1 1 0 59 6 1942 
1 1 0 59 7 1943 
1 1 0 60 0 1944 
1 1 0 60 1 1945 
1 1 0 60 2 1946 
1 1 0 60 3 1947 
1 1 0 60 4 1948 
1 1 0 60 5 1949 
1 1 0 60 6 1950 
1 1 0 60 7 1951
