0 1820.5
1 1815.0
2 1827.6
3 1816.1
4 1824.3
5 1832.4
6 1824.4
7 1824.8
8 1816.2
9 1837.5
10 1836.7
11 1833.3
12 1821.1
13 1827.6
14 1823.1
15 1831.9
16 1837.4
17 1835.5
18 1834.1
19 1833.6
20 1820.2
21 1838.3
22 1825.9
23 1855.9
24 1839.7
25 1843.1
26 1815.7
27 1837.8
28 1832.0
29 1823.8
30 1839.5
31 1831.4
32 1804.1
33 1822.3
34 1824.9
35 1829.5
36 1824.1
37 1827.1
38 1830.9
39 1829.9
40 1838.1
41 1830.4
42 1837.2
43 1837.9
44 1820.6
45 1841.1
46 1853.1
47 1847.2
48 1813.6
49 1815.7
50 1825.0
51 1810.4
52 1824.2
53 1814.5
54 1811.5
55 1837.3
56 1832.2
57 1847.1
58 1841.2
59 1801.4
60 1823.1
61 1827.3
62 1808.7
63 1811.9
64 1840.2
65 1839.7
66 1832.5
67 1826.7
68 1823.2
69 1816.4
70 1827.3
71 1822.4
72 1828.2
73 1844.3
74 1826.1
75 1833.8
76 1821.3
77 1838.5
78 1842.6
79 1825.8
80 1784.0
81 1821.1
82 1822.3
83 1825.1
84 1831.8
85 1816.8
86 1828.2
87 1822.8
88 1828.0
89 1821.1
90 1831.1
91 1809.7
92 1824.9
93 1808.0
94 1813.7
95 1832.3
96 1814.8
97 1818.9
98 1823.0
99 1828.1
100 1821.4
101 1832.6
102 1844.2
103 1838.7
104 1833.2
105 1826.1
106 1824.6
107 1823.7
108 1844.3
109 1838.9
110 1823.8
111 1829.3
112 1824.4
113 1837.9
114 1827.8
115 1839.3
116 1821.3
117 1824.4
118 1836.8
119 1817.1
120 1832.3
121 1809.5
122 1827.4
123 1821.7
124 1832.6
125 1816.9
126 1822.0
127 1826.5
128 1846.4
129 1834.4
130 1843.3
131 1823.1
132 1835.9
133 1848.5
134 1810.5
135 1797.8
136 1828.0
137 1817.0
138 1813.9
139 1816.3
140 1806.8
141 1797.6
142 1830.3
143 1833.6
144 1827.6
145 1844.7
146 1845.3
147 1845.5
148 1843.6
149 1822.6
150 1840.5
151 1830.2
152 1853.3
153 1860.2
154 1846.0
155 1837.8
156 1834.7
157 1851.5
158 1832.4
159 1823.4
160 1831.6
161 1835.2
162 1827.6
163 1830.0
164 1825.2
165 1817.3
166 1811.6
167 1817.6
168 1830.1
169 1837.6
170 1832.7
171 1818.7
172 1832.3
173 1825.0
174 1833.0
175 1832.7
176 1846.3
177 1822.1
178 1846.4
179 1827.8
180 1824.6
181 1826.2
182 1821.0
183 1829.2
184 1807.5
185 1809.0
186 1802.2
187 1805.7
188 1814.1
189 1819.1
190 1819.2
191 1820.4
192 1919.9
193 1882.3
194 1882.8
195 1929.1
196 1895.0
197 1921.6
198 1948.5
199 1952.4
200 1822.7
201 1864.3
202 1846.7
203 1831.8
204 1824.6
205 1823.3
206 1819.3
207 1841.3
208 1827.4
209 1814.8
210 1839.1
211 1806.6
212 1833.2
213 1817.0
214 1842.2
215 1824.9
216 1831.9
217 1830.2
218 1812.1
219 1813.3
220 1824.8
221 1825.2
222 1817.7
223 1824.1
224 1819.2
225 1794.1
226 1808.6
227 1824.9
228 1838.0
229 1840.2
230 1824.5
231 1837.5
232 1838.8
233 1823.1
234 1827.8
235 1841.8
236 1833.5
237 1833.6
238 1838.8
239 1858.9
240 1831.3
241 1836.5
242 1839.2
243 1843.4
244 1835.4
245 1841.1
246 1846.2
247 1841.8
248 1827.3
249 1819.9
250 1826.1
251 1827.2
252 1831.0
253 1835.5
254 1846.3
255 1831.2
256 1854.3
257 1847.6
258 1829.8
259 1836.6
260 1845.3
261 1833.9
262 1846.6
263 1855.5
264 1836.9
265 1838.0
266 1852.7
267 1839.3
268 1855.2
269 1869.0
270 1860.0
271 1857.8
272 1854.5
273 1855.1
274 1839.5
275 1862.7
276 1836.9
277 1832.4
278 1823.2
279 1839.9
280 1850.2
281 1830.6
282 1836.3
283 1838.9
284 1838.0
285 1825.3
286 1842.8
287 1841.3
288 1834.8
289 1848.7
290 1846.5
291 1848.0
292 1841.3
293 1850.6
294 1834.9
295 1855.0
296 1854.4
297 1830.6
298 1857.7
299 1836.8
300 1842.4
301 1848.8
302 1834.2
303 1827.7
304 1858.3
305 1864.4
306 1860.1
307 1866.9
308 1850.5
309 1839.8
310 1829.8
311 1827.3
312 1845.5
313 1859.8
314 1844.6
315 1840.0
316 1839.9
317 1855.9
318 1847.2
319 1838.0
320 1832.7
321 1830.9
322 1836.9
323 1863.9
324 1841.7
325 1832.8
326 1833.6
327 1860.4
328 1846.2
329 1833.9
330 1833.7
331 1849.8
332 1835.8
333 1841.9
334 1826.8
335 1843.5
336 1840.4
337 1847.9
338 1836.1
339 1831.1
340 1842.2
341 1832.8
342 1855.1
343 1838.3
344 1831.5
345 1824.5
346 1814.3
347 1817.1
348 1816.4
349 1829.3
350 1857.4
351 1835.4
352 1852.2
353 1846.0
354 1862.6
355 1838.0
356 1843.6
357 1842.4
358 1844.0
359 1841.7
360 1848.2
361 1845.7
362 1841.1
363 1839.1
364 1853.4
365 1826.5
366 1819.8
367 1827.1
368 1844.0
369 1861.2
370 1852.3
371 1862.8
372 1851.7
373 1845.8
374 1841.7
375 1858.4
376 1840.6
377 1844.1
378 1839.1
379 1841.2
380 1842.9
381 1842.9
382 1834.0
383 1859.1
384 1841.9
385 1827.8
386 1842.3
387 1840.6
388 1857.1
389 1832.8
390 1830.0
391 1833.1
392 1840.8
393 1846.5
394 1836.7
395 1858.7
396 1850.9
397 1851.4
398 1843.9
399 1834.0
400 1840.4
401 1835.8
402 1833.9
403 1847.8
404 1831.4
405 1830.7
406 1837.1
407 1826.0
408 1830.7
409 1842.4
410 1867.4
411 1843.8
412 1840.2
413 1837.8
414 1868.4
415 1829.2
416 1815.5
417 1821.4
418 1827.6
419 1828.8
420 1848.6
421 1831.0
422 1833.3
423 1858.2
424 1815.8
425 1827.5
426 1827.1
427 1808.3
428 1833.9
429 1830.1
430 1849.3
431 1827.6
432 1835.6
433 1842.4
434 1833.3
435 1842.1
436 1843.6
437 1832.8
438 1834.8
439 1812.3
440 1836.0
441 1846.2
442 1846.2
443 1848.1
444 1848.7
445 1851.9
446 1821.3
447 1838.7
448 1805.8
449 1807.1
450 1809.6
451 1799.1
452 1809.8
453 1801.5
454 1800.2
455 1801.0
456 1814.5
457 1824.9
458 1825.3
459 1820.7
460 1822.4
461 1820.0
462 1806.6
463 1808.0
464 1797.4
465 1800.7
466 1799.6
467 1799.3
468 1794.4
469 1799.7
470 1799.8
471 1791.1
472 1818.0
473 1817.9
474 1813.1
475 1818.8
476 1807.6
477 1801.4
478 1798.3
479 1792.7
480 1858.4
481 1834.8
482 1858.9
483 1845.7
484 1919.2
485 1839.1
486 1848.2
487 1845.6
488 0.0
489 0.0
490 0.0
491 0.0
492 0.0
493 0.0
494 0.0
495 0.0
496 0.0
497 0.0
498 0.0
499 0.0
500 0.0
501 0.0
502 0.0
503 0.0
504 0.0
505 0.0
506 0.0
507 0.0
508 0.0
509 0.0
510 0.0
511 0.0
512 0.0
513 0.0
514 0.0
515 0.0
516 0.0
517 0.0
518 0.0
519 0.0
520 0.0
521 0.0
522 0.0
523 0.0
524 0.0
525 0.0
526 0.0
527 0.0
528 0.0
529 0.0
530 0.0
531 0.0
532 0.0
533 0.0
534 0.0
535 0.0
536 0.0
537 0.0
538 0.0
539 0.0
540 0.0
541 0.0
542 0.0
543 0.0
544 0.0
545 0.0
546 0.0
547 0.0
548 0.0
549 0.0
550 0.0
551 0.0
552 0.0
553 0.0
554 0.0
555 0.0
556 0.0
557 0.0
558 0.0
559 0.0
560 0.0
561 0.0
562 0.0
563 0.0
564 0.0
565 0.0
566 0.0
567 0.0
568 0.0
569 0.0
570 0.0
571 0.0
572 0.0
573 0.0
574 0.0
575 0.0
576 0.0
577 0.0
578 0.0
579 0.0
580 0.0
581 0.0
582 0.0
583 0.0
584 0.0
585 0.0
586 0.0
587 0.0
588 0.0
589 0.0
590 0.0
591 0.0
592 0.0
593 0.0
594 0.0
595 0.0
596 0.0
597 0.0
598 0.0
599 0.0
600 0.0
601 0.0
602 0.0
603 0.0
604 0.0
605 0.0
606 0.0
607 0.0
608 0.0
609 0.0
610 0.0
611 0.0
612 0.0
613 0.0
614 0.0
615 0.0
616 0.0
617 0.0
618 0.0
619 0.0
620 0.0
621 0.0
622 0.0
623 0.0
624 0.0
625 0.0
626 0.0
627 0.0
628 0.0
629 0.0
630 0.0
631 0.0
632 0.0
633 0.0
634 0.0
635 0.0
636 0.0
637 0.0
638 0.0
639 0.0
640 0.0
641 0.0
642 0.0
643 0.0
644 0.0
645 0.0
646 0.0
647 0.0
648 0.0
649 0.0
650 0.0
651 0.0
652 0.0
653 0.0
654 0.0
655 0.0
656 0.0
657 0.0
658 0.0
659 0.0
660 0.0
661 0.0
662 0.0
663 0.0
664 0.0
665 0.0
666 0.0
667 0.0
668 0.0
669 0.0
670 0.0
671 0.0
672 0.0
673 0.0
674 0.0
675 0.0
676 0.0
677 0.0
678 0.0
679 0.0
680 0.0
681 0.0
682 0.0
683 0.0
684 0.0
685 0.0
686 0.0
687 0.0
688 0.0
689 0.0
690 0.0
691 0.0
692 0.0
693 0.0
694 0.0
695 0.0
696 0.0
697 0.0
698 0.0
699 0.0
700 0.0
701 0.0
702 0.0
703 0.0
704 0.0
705 0.0
706 0.0
707 0.0
708 0.0
709 0.0
710 0.0
711 0.0
712 0.0
713 0.0
714 0.0
715 0.0
716 0.0
717 0.0
718 0.0
719 0.0
720 0.0
721 0.0
722 0.0
723 0.0
724 0.0
725 0.0
726 0.0
727 0.0
728 0.0
729 0.0
730 0.0
731 0.0
732 0.0
733 0.0
734 0.0
735 0.0
736 0.0
737 0.0
738 0.0
739 0.0
740 0.0
741 0.0
742 0.0
743 0.0
744 0.0
745 0.0
746 0.0
747 0.0
748 0.0
749 0.0
750 0.0
751 0.0
752 0.0
753 0.0
754 0.0
755 0.0
756 0.0
757 0.0
758 0.0
759 0.0
760 0.0
761 0.0
762 0.0
763 0.0
764 0.0
765 0.0
766 0.0
767 0.0
768 0.0
769 0.0
770 0.0
771 0.0
772 0.0
773 0.0
774 0.0
775 0.0
776 0.0
777 0.0
778 0.0
779 0.0
780 0.0
781 0.0
782 0.0
783 0.0
784 0.0
785 0.0
786 0.0
787 0.0
788 0.0
789 0.0
790 0.0
791 0.0
792 0.0
793 0.0
794 0.0
795 0.0
796 0.0
797 0.0
798 0.0
799 0.0
800 0.0
801 0.0
802 0.0
803 0.0
804 0.0
805 0.0
806 0.0
807 0.0
808 0.0
809 0.0
810 0.0
811 0.0
812 0.0
813 0.0
814 0.0
815 0.0
816 0.0
817 0.0
818 0.0
819 0.0
820 0.0
821 0.0
822 0.0
823 0.0
824 0.0
825 0.0
826 0.0
827 0.0
828 0.0
829 0.0
830 0.0
831 0.0
832 0.0
833 0.0
834 0.0
835 0.0
836 0.0
837 0.0
838 0.0
839 0.0
840 0.0
841 0.0
842 0.0
843 0.0
844 0.0
845 0.0
846 0.0
847 0.0
848 0.0
849 0.0
850 0.0
851 0.0
852 0.0
853 0.0
854 0.0
855 0.0
856 0.0
857 0.0
858 0.0
859 0.0
860 0.0
861 0.0
862 0.0
863 0.0
864 0.0
865 0.0
866 0.0
867 0.0
868 0.0
869 0.0
870 0.0
871 0.0
872 0.0
873 0.0
874 0.0
875 0.0
876 0.0
877 0.0
878 0.0
879 0.0
880 0.0
881 0.0
882 0.0
883 0.0
884 0.0
885 0.0
886 0.0
887 0.0
888 0.0
889 0.0
890 0.0
891 0.0
892 0.0
893 0.0
894 0.0
895 0.0
896 0.0
897 0.0
898 0.0
899 0.0
900 0.0
901 0.0
902 0.0
903 0.0
904 0.0
905 0.0
906 0.0
907 0.0
908 0.0
909 0.0
910 0.0
911 0.0
912 0.0
913 0.0
914 0.0
915 0.0
916 0.0
917 0.0
918 0.0
919 0.0
920 0.0
921 0.0
922 0.0
923 0.0
924 0.0
925 0.0
926 0.0
927 0.0
928 0.0
929 0.0
930 0.0
931 0.0
932 0.0
933 0.0
934 0.0
935 0.0
936 0.0
937 0.0
938 0.0
939 0.0
940 0.0
941 0.0
942 0.0
943 0.0
944 0.0
945 0.0
946 0.0
947 0.0
948 0.0
949 0.0
950 0.0
951 0.0
952 0.0
953 0.0
954 0.0
955 0.0
956 0.0
957 0.0
958 0.0
959 0.0
960 0.0
961 0.0
962 0.0
963 0.0
964 0.0
965 0.0
966 0.0
967 0.0
968 0.0
969 0.0
970 0.0
971 0.0
972 0.0
973 0.0
974 0.0
975 0.0
976 0.0
977 0.0
978 0.0
979 0.0
980 0.0
981 0.0
982 0.0
983 0.0
984 0.0
985 0.0
986 0.0
987 0.0
988 0.0
989 0.0
990 0.0
991 0.0
992 0.0
993 0.0
994 0.0
995 0.0
996 0.0
997 0.0
998 0.0
999 0.0
1000 0.0
1001 0.0
1002 0.0
1003 0.0
1004 0.0
1005 0.0
1006 0.0
1007 0.0
1008 0.0
1009 0.0
1010 0.0
1011 0.0
1012 0.0
1013 0.0
1014 0.0
1015 0.0
1016 0.0
1017 0.0
1018 0.0
1019 0.0
1020 0.0
1021 0.0
1022 0.0
1023 0.0
1024 0.0
1025 0.0
1026 0.0
1027 0.0
1028 0.0
1029 0.0
1030 0.0
1031 0.0
1032 0.0
1033 0.0
1034 0.0
1035 0.0
1036 0.0
1037 0.0
1038 0.0
1039 0.0
1040 0.0
1041 0.0
1042 0.0
1043 0.0
1044 0.0
1045 0.0
1046 0.0
1047 0.0
1048 0.0
1049 0.0
1050 0.0
1051 0.0
1052 0.0
1053 0.0
1054 0.0
1055 0.0
1056 0.0
1057 0.0
1058 0.0
1059 0.0
1060 0.0
1061 0.0
1062 0.0
1063 0.0
1064 0.0
1065 0.0
1066 0.0
1067 0.0
1068 0.0
1069 0.0
1070 0.0
1071 0.0
1072 0.0
1073 0.0
1074 0.0
1075 0.0
1076 0.0
1077 0.0
1078 0.0
1079 0.0
1080 0.0
1081 0.0
1082 0.0
1083 0.0
1084 0.0
1085 0.0
1086 0.0
1087 0.0
1088 0.0
1089 0.0
1090 0.0
1091 0.0
1092 0.0
1093 0.0
1094 0.0
1095 0.0
1096 0.0
1097 0.0
1098 0.0
1099 0.0
1100 0.0
1101 0.0
1102 0.0
1103 0.0
1104 0.0
1105 0.0
1106 0.0
1107 0.0
1108 0.0
1109 0.0
1110 0.0
1111 0.0
1112 0.0
1113 0.0
1114 0.0
1115 0.0
1116 0.0
1117 0.0
1118 0.0
1119 0.0
1120 0.0
1121 0.0
1122 0.0
1123 0.0
1124 0.0
1125 0.0
1126 0.0
1127 0.0
1128 0.0
1129 0.0
1130 0.0
1131 0.0
1132 0.0
1133 0.0
1134 0.0
1135 0.0
1136 0.0
1137 0.0
1138 0.0
1139 0.0
1140 0.0
1141 0.0
1142 0.0
1143 0.0
1144 0.0
1145 0.0
1146 0.0
1147 0.0
1148 0.0
1149 0.0
1150 0.0
1151 0.0
1152 0.0
1153 0.0
1154 0.0
1155 0.0
1156 0.0
1157 0.0
1158 0.0
1159 0.0
1160 0.0
1161 0.0
1162 0.0
1163 0.0
1164 0.0
1165 0.0
1166 0.0
1167 0.0
1168 0.0
1169 0.0
1170 0.0
1171 0.0
1172 0.0
1173 0.0
1174 0.0
1175 0.0
1176 0.0
1177 0.0
1178 0.0
1179 0.0
1180 0.0
1181 0.0
1182 0.0
1183 0.0
1184 0.0
1185 0.0
1186 0.0
1187 0.0
1188 0.0
1189 0.0
1190 0.0
1191 0.0
1192 0.0
1193 0.0
1194 0.0
1195 0.0
1196 0.0
1197 0.0
1198 0.0
1199 0.0
1200 0.0
1201 0.0
1202 0.0
1203 0.0
1204 0.0
1205 0.0
1206 0.0
1207 0.0
1208 0.0
1209 0.0
1210 0.0
1211 0.0
1212 0.0
1213 0.0
1214 0.0
1215 0.0
1216 0.0
1217 0.0
1218 0.0
1219 0.0
1220 0.0
1221 0.0
1222 0.0
1223 0.0
1224 0.0
1225 0.0
1226 0.0
1227 0.0
1228 0.0
1229 0.0
1230 0.0
1231 0.0
1232 0.0
1233 0.0
1234 0.0
1235 0.0
1236 0.0
1237 0.0
1238 0.0
1239 0.0
1240 0.0
1241 0.0
1242 0.0
1243 0.0
1244 0.0
1245 0.0
1246 0.0
1247 0.0
1248 0.0
1249 0.0
1250 0.0
1251 0.0
1252 0.0
1253 0.0
1254 0.0
1255 0.0
1256 0.0
1257 0.0
1258 0.0
1259 0.0
1260 0.0
1261 0.0
1262 0.0
1263 0.0
1264 0.0
1265 0.0
1266 0.0
1267 0.0
1268 0.0
1269 0.0
1270 0.0
1271 0.0
1272 0.0
1273 0.0
1274 0.0
1275 0.0
1276 0.0
1277 0.0
1278 0.0
1279 0.0
1280 0.0
1281 0.0
1282 0.0
1283 0.0
1284 0.0
1285 0.0
1286 0.0
1287 0.0
1288 0.0
1289 0.0
1290 0.0
1291 0.0
1292 0.0
1293 0.0
1294 0.0
1295 0.0
1296 0.0
1297 0.0
1298 0.0
1299 0.0
1300 0.0
1301 0.0
1302 0.0
1303 0.0
1304 0.0
1305 0.0
1306 0.0
1307 0.0
1308 0.0
1309 0.0
1310 0.0
1311 0.0
1312 0.0
1313 0.0
1314 0.0
1315 0.0
1316 0.0
1317 0.0
1318 0.0
1319 0.0
1320 0.0
1321 0.0
1322 0.0
1323 0.0
1324 0.0
1325 0.0
1326 0.0
1327 0.0
1328 0.0
1329 0.0
1330 0.0
1331 0.0
1332 0.0
1333 0.0
1334 0.0
1335 0.0
1336 0.0
1337 0.0
1338 0.0
1339 0.0
1340 0.0
1341 0.0
1342 0.0
1343 0.0
1344 0.0
1345 0.0
1346 0.0
1347 0.0
1348 0.0
1349 0.0
1350 0.0
1351 0.0
1352 0.0
1353 0.0
1354 0.0
1355 0.0
1356 0.0
1357 0.0
1358 0.0
1359 0.0
1360 0.0
1361 0.0
1362 0.0
1363 0.0
1364 0.0
1365 0.0
1366 0.0
1367 0.0
1368 0.0
1369 0.0
1370 0.0
1371 0.0
1372 0.0
1373 0.0
1374 0.0
1375 0.0
1376 0.0
1377 0.0
1378 0.0
1379 0.0
1380 0.0
1381 0.0
1382 0.0
1383 0.0
1384 0.0
1385 0.0
1386 0.0
1387 0.0
1388 0.0
1389 0.0
1390 0.0
1391 0.0
1392 0.0
1393 0.0
1394 0.0
1395 0.0
1396 0.0
1397 0.0
1398 0.0
1399 0.0
1400 0.0
1401 0.0
1402 0.0
1403 0.0
1404 0.0
1405 0.0
1406 0.0
1407 0.0
1408 0.0
1409 0.0
1410 0.0
1411 0.0
1412 0.0
1413 0.0
1414 0.0
1415 0.0
1416 0.0
1417 0.0
1418 0.0
1419 0.0
1420 0.0
1421 0.0
1422 0.0
1423 0.0
1424 0.0
1425 0.0
1426 0.0
1427 0.0
1428 0.0
1429 0.0
1430 0.0
1431 0.0
1432 0.0
1433 0.0
1434 0.0
1435 0.0
1436 0.0
1437 0.0
1438 0.0
1439 0.0
1440 0.0
1441 0.0
1442 0.0
1443 0.0
1444 0.0
1445 0.0
1446 0.0
1447 0.0
1448 0.0
1449 0.0
1450 0.0
1451 0.0
1452 0.0
1453 0.0
1454 0.0
1455 0.0
1456 0.0
1457 0.0
1458 0.0
1459 0.0
1460 0.0
1461 0.0
1462 0.0
1463 0.0
1464 0.0
1465 0.0
1466 0.0
1467 0.0
1468 0.0
1469 0.0
1470 0.0
1471 0.0
1472 0.0
1473 0.0
1474 0.0
1475 0.0
1476 0.0
1477 0.0
1478 0.0
1479 0.0
1480 0.0
1481 0.0
1482 0.0
1483 0.0
1484 0.0
1485 0.0
1486 0.0
1487 0.0
1488 0.0
1489 0.0
1490 0.0
1491 0.0
1492 0.0
1493 0.0
1494 0.0
1495 0.0
1496 0.0
1497 0.0
1498 0.0
1499 0.0
1500 0.0
1501 0.0
1502 0.0
1503 0.0
1504 0.0
1505 0.0
1506 0.0
1507 0.0
1508 0.0
1509 0.0
1510 0.0
1511 0.0
1512 0.0
1513 0.0
1514 0.0
1515 0.0
1516 0.0
1517 0.0
1518 0.0
1519 0.0
1520 0.0
1521 0.0
1522 0.0
1523 0.0
1524 0.0
1525 0.0
1526 0.0
1527 0.0
1528 0.0
1529 0.0
1530 0.0
1531 0.0
1532 0.0
1533 0.0
1534 0.0
1535 0.0
1536 0.0
1537 0.0
1538 0.0
1539 0.0
1540 0.0
1541 0.0
1542 0.0
1543 0.0
1544 0.0
1545 0.0
1546 0.0
1547 0.0
1548 0.0
1549 0.0
1550 0.0
1551 0.0
1552 0.0
1553 0.0
1554 0.0
1555 0.0
1556 0.0
1557 0.0
1558 0.0
1559 0.0
1560 0.0
1561 0.0
1562 0.0
1563 0.0
1564 0.0
1565 0.0
1566 0.0
1567 0.0
1568 0.0
1569 0.0
1570 0.0
1571 0.0
1572 0.0
1573 0.0
1574 0.0
1575 0.0
1576 0.0
1577 0.0
1578 0.0
1579 0.0
1580 0.0
1581 0.0
1582 0.0
1583 0.0
1584 0.0
1585 0.0
1586 0.0
1587 0.0
1588 0.0
1589 0.0
1590 0.0
1591 0.0
1592 0.0
1593 0.0
1594 0.0
1595 0.0
1596 0.0
1597 0.0
1598 0.0
1599 0.0
1600 0.0
1601 0.0
1602 0.0
1603 0.0
1604 0.0
1605 0.0
1606 0.0
1607 0.0
1608 0.0
1609 0.0
1610 0.0
1611 0.0
1612 0.0
1613 0.0
1614 0.0
1615 0.0
1616 0.0
1617 0.0
1618 0.0
1619 0.0
1620 0.0
1621 0.0
1622 0.0
1623 0.0
1624 0.0
1625 0.0
1626 0.0
1627 0.0
1628 0.0
1629 0.0
1630 0.0
1631 0.0
1632 0.0
1633 0.0
1634 0.0
1635 0.0
1636 0.0
1637 0.0
1638 0.0
1639 0.0
1640 0.0
1641 0.0
1642 0.0
1643 0.0
1644 0.0
1645 0.0
1646 0.0
1647 0.0
1648 0.0
1649 0.0
1650 0.0
1651 0.0
1652 0.0
1653 0.0
1654 0.0
1655 0.0
1656 0.0
1657 0.0
1658 0.0
1659 0.0
1660 0.0
1661 0.0
1662 0.0
1663 0.0
1664 0.0
1665 0.0
1666 0.0
1667 0.0
1668 0.0
1669 0.0
1670 0.0
1671 0.0
1672 0.0
1673 0.0
1674 0.0
1675 0.0
1676 0.0
1677 0.0
1678 0.0
1679 0.0
1680 0.0
1681 0.0
1682 0.0
1683 0.0
1684 0.0
1685 0.0
1686 0.0
1687 0.0
1688 0.0
1689 0.0
1690 0.0
1691 0.0
1692 0.0
1693 0.0
1694 0.0
1695 0.0
1696 0.0
1697 0.0
1698 0.0
1699 0.0
1700 0.0
1701 0.0
1702 0.0
1703 0.0
1704 0.0
1705 0.0
1706 0.0
1707 0.0
1708 0.0
1709 0.0
1710 0.0
1711 0.0
1712 0.0
1713 0.0
1714 0.0
1715 0.0
1716 0.0
1717 0.0
1718 0.0
1719 0.0
1720 0.0
1721 0.0
1722 0.0
1723 0.0
1724 0.0
1725 0.0
1726 0.0
1727 0.0
1728 0.0
1729 0.0
1730 0.0
1731 0.0
1732 0.0
1733 0.0
1734 0.0
1735 0.0
1736 0.0
1737 0.0
1738 0.0
1739 0.0
1740 0.0
1741 0.0
1742 0.0
1743 0.0
1744 0.0
1745 0.0
1746 0.0
1747 0.0
1748 0.0
1749 0.0
1750 0.0
1751 0.0
1752 0.0
1753 0.0
1754 0.0
1755 0.0
1756 0.0
1757 0.0
1758 0.0
1759 0.0
1760 0.0
1761 0.0
1762 0.0
1763 0.0
1764 0.0
1765 0.0
1766 0.0
1767 0.0
1768 0.0
1769 0.0
1770 0.0
1771 0.0
1772 0.0
1773 0.0
1774 0.0
1775 0.0
1776 0.0
1777 0.0
1778 0.0
1779 0.0
1780 0.0
1781 0.0
1782 0.0
1783 0.0
1784 0.0
1785 0.0
1786 0.0
1787 0.0
1788 0.0
1789 0.0
1790 0.0
1791 0.0
1792 0.0
1793 0.0
1794 0.0
1795 0.0
1796 0.0
1797 0.0
1798 0.0
1799 0.0
1800 0.0
1801 0.0
1802 0.0
1803 0.0
1804 0.0
1805 0.0
1806 0.0
1807 0.0
1808 0.0
1809 0.0
1810 0.0
1811 0.0
1812 0.0
1813 0.0
1814 0.0
1815 0.0
1816 0.0
1817 0.0
1818 0.0
1819 0.0
1820 0.0
1821 0.0
1822 0.0
1823 0.0
1824 0.0
1825 0.0
1826 0.0
1827 0.0
1828 0.0
1829 0.0
1830 0.0
1831 0.0
1832 0.0
1833 0.0
1834 0.0
1835 0.0
1836 0.0
1837 0.0
1838 0.0
1839 0.0
1840 0.0
1841 0.0
1842 0.0
1843 0.0
1844 0.0
1845 0.0
1846 0.0
1847 0.0
1848 0.0
1849 0.0
1850 0.0
1851 0.0
1852 0.0
1853 0.0
1854 0.0
1855 0.0
1856 0.0
1857 0.0
1858 0.0
1859 0.0
1860 0.0
1861 0.0
1862 0.0
1863 0.0
1864 0.0
1865 0.0
1866 0.0
1867 0.0
1868 0.0
1869 0.0
1870 0.0
1871 0.0
1872 0.0
1873 0.0
1874 0.0
1875 0.0
1876 0.0
1877 0.0
1878 0.0
1879 0.0
1880 0.0
1881 0.0
1882 0.0
1883 0.0
1884 0.0
1885 0.0
1886 0.0
1887 0.0
1888 0.0
1889 0.0
1890 0.0
1891 0.0
1892 0.0
1893 0.0
1894 0.0
1895 0.0
1896 0.0
1897 0.0
1898 0.0
1899 0.0
1900 0.0
1901 0.0
1902 0.0
1903 0.0
1904 0.0
1905 0.0
1906 0.0
1907 0.0
1908 0.0
1909 0.0
1910 0.0
1911 0.0
1912 0.0
1913 0.0
1914 0.0
1915 0.0
1916 0.0
1917 0.0
1918 0.0
1919 0.0
1920 0.0
1921 0.0
1922 0.0
1923 0.0
1924 0.0
1925 0.0
1926 0.0
1927 0.0
1928 0.0
1929 0.0
1930 0.0
1931 0.0
1932 0.0
1933 0.0
1934 0.0
1935 0.0
1936 0.0
1937 0.0
1938 0.0
1939 0.0
1940 0.0
1941 0.0
1942 0.0
1943 0.0
1944 0.0
1945 0.0
1946 0.0
1947 0.0
1948 0.0
1949 0.0
1950 0.0
1951 0.0
1952 0.0
1953 0.0
1954 0.0
1955 0.0
1956 0.0
1957 0.0
1958 0.0
1959 0.0
1960 0.0
1961 0.0
1962 0.0
1963 0.0
1964 0.0
1965 0.0
1966 0.0
1967 0.0
1968 0.0
1969 0.0
1970 0.0
1971 0.0
1972 0.0
1973 0.0
1974 0.0
1975 0.0
1976 0.0
1977 0.0
1978 0.0
1979 0.0
1980 0.0
1981 0.0
1982 0.0
1983 0.0
1984 0.0
1985 0.0
1986 0.0
1987 0.0
1988 0.0
1989 0.0
1990 0.0
1991 0.0
1992 0.0
1993 0.0
1994 0.0
1995 0.0
1996 0.0
1997 0.0
1998 0.0
1999 0.0
2000 0.0
2001 0.0
2002 0.0
2003 0.0
2004 0.0
2005 0.0
2006 0.0
2007 0.0
2008 0.0
2009 0.0
2010 0.0
2011 0.0
2012 0.0
2013 0.0
2014 0.0
2015 0.0
2016 0.0
2017 0.0
2018 0.0
2019 0.0
2020 0.0
2021 0.0
2022 0.0
2023 0.0
2024 0.0
2025 0.0
2026 0.0
2027 0.0
2028 0.0
2029 0.0
2030 0.0
2031 0.0
2032 0.0
2033 0.0
2034 0.0
2035 0.0
2036 0.0
2037 0.0
2038 0.0
2039 0.0
2040 0.0
2041 0.0
2042 0.0
2043 0.0
2044 0.0
2045 0.0
2046 0.0
2047 0.0
