0 1286
1 1014
2 2415
3 1350
4 673
5 586
6 1202
7 1095
8 1544
9 2880
10 1187
11 1550
12 977
13 1758
14 1724
15 1600
16 3017
17 1105
18 1152
19 808
20 1013
21 1048
22 1463
23 1290
24 4137
25 1175
26 2708
27 2125
28 664
29 681
30 1526
31 1337
32 1370
33 529
34 899
35 2290
36 1073
37 1081
38 2509
39 937
40 1521
41 1353
42 1349
43 578
44 1452
45 1139
46 1080
47 1245
48 698
49 1530
50 1343
51 1387
52 1820
53 1153
54 1922
55 908
56 951
57 2537
58 611
59 2341
60 2592
61 708
62 9429
63 956
64 1391
65 3636
66 1147
67 2414
68 5113
69 1951
70 1263
71 1812
72 3147
73 1685
74 666
75 1413
76 2238
77 1702
78 1720
79 2892
80 2013
81 1374
82 1887
83 2378
84 1388
85 1190
86 1256
87 1334
88 1477
89 1647
90 2702
91 1677
92 597
93 2571
94 1145
95 1664
96 1724
97 2500
98 1456
99 2698
100 1687
101 709
102 784
103 2568
104 957
105 2463
106 1745
107 842
108 1108
109 3710
110 2323
111 726
112 3006
113 3613
114 1313
115 2438
116 488
117 795
118 476
119 990
120 1415
121 694
122 1888
123 866
124 716
125 1398
126 3685
127 1233
128 1322
129 1256
130 1223
131 633
132 1005
133 2763
134 2901
135 2847
136 2480
137 2184
138 987
139 2637
140 744
141 522
142 1275
143 1104
144 606
145 1080
146 805
147 3007
148 1607
149 787
150 1440
151 981
152 844
153 1184
154 1177
155 1563
156 757
157 1650
158 1819
159 1077
160 1735
161 797
162 1520
163 700
164 727
165 1615
166 849
167 530
168 610
169 649
170 867
171 883
172 791
173 868
174 1294
175 17289
176 1309
177 2210
178 3530
179 939
180 725
181 477
182 695
183 787
184 780
185 996
186 666
187 750
188 1356
189 1379
190 2268
191 1952
192 1464
193 1449
194 926
195 1100
196 1171
197 795
198 823
199 2511
200 1039
201 1869
202 2691
203 946
204 1597
205 1404
206 1173
207 945
208 803
209 2420
210 2435
211 1547
212 550
213 1681
214 1265
215 1252
216 745
217 908
218 1985
219 2099
220 1719
221 1967
222 4483
223 641
224 1887
225 1366
226 3549
227 1776
228 1499
229 2608
230 3276
231 1870
232 2702
233 772
234 2556
235 2671
236 2315
237 1087
238 2154
239 3852
240 5105
241 1165
242 1257
243 1952
244 1575
245 2402
246 693
247 1914
248 2100
249 1981
250 2732
251 801
252 1162
253 1638
254 1472
255 1802
256 3261
257 1398
258 1956
259 1655
260 970
261 1534
262 2003
263 1618
264 1204
265 1434
266 821
267 1697
268 1554
269 1649
270 696
271 604
272 642
273 1295
274 919
275 1284
276 976
277 725
278 870
279 922
280 734
281 1202
282 1437
283 915
284 620
285 520
286 448
287 603
288 537
289 673
290 509
291 694
292 1745
293 515
294 677
295 4374
296 765
297 669
298 459
299 467
300 626
301 821
302 1028
303 1150
304 561
305 855
306 952
307 1012
308 523
309 561
310 805
311 1739
312 1121
313 601
314 1215
315 606
316 825
317 739
318 676
319 690
320 961
321 687
322 651
323 947
324 1021
325 419
326 603
327 762
328 1057
329 744
330 735
331 1099
332 1429
333 796
334 1649
335 501
336 568
337 902
338 949
339 789
340 473
341 778
342 936
343 654
344 506
345 758
346 690
347 1101
348 834
349 599
350 857
351 979
352 690
353 801
354 557
355 554
356 701
357 676
358 1452
359 688
360 1168
361 482
362 573
363 506
364 598
365 1003
366 1341
367 1176
368 1142
369 535
370 692
371 1037
372 645
373 543
374 552
375 665
376 813
377 486
378 510
379 598
380 563
381 633
382 518
383 717
384 527
385 447
386 565
387 596
388 588
389 1040
390 4664
391 1798
392 1557
393 841
394 895
395 645
396 1112
397 782
398 454
399 837
400 730
401 735
402 648
403 482
404 739
405 724
406 987
407 550
408 523
409 554
410 884
411 564
412 1390
413 2063
414 624
415 628
416 607
417 694
418 872
419 1476
420 503
421 924
422 524
423 572
424 931
425 1171
426 726
427 2793
428 583
429 1179
430 940
431 1033
432 2092
433 580
434 650
435 778
436 609
437 632
438 574
439 578
440 596
441 853
442 615
443 745
444 456
445 748
446 799
447 639
448 484
449 492
450 587
451 1273
452 509
453 1036
454 441
455 418
456 486
457 2283
458 680
459 713
460 809
461 813
462 2076
463 881
464 972
465 870
466 746
467 904
468 1288
469 492
470 741
471 859
472 703
473 570
474 754
475 777
476 816
477 1346
478 1063
479 516
480 1270
481 1348
482 600
483 528
484 499
485 484
486 1430
487 1018
488 0
489 0
490 0
491 0
492 0
493 0
494 0
495 0
496 0
497 0
498 0
499 0
500 0
501 0
502 0
503 0
504 0
505 0
506 0
507 0
508 0
509 0
510 0
511 0
512 850
513 709
514 598
515 1075
516 934
517 744
518 933
519 720
520 875
521 1357
522 899
523 594
524 959
525 764
526 661
527 1075
528 939
529 1128
530 952
531 912
532 592
533 528
534 612
535 482
536 495
537 654
538 584
539 644
540 526
541 445
542 468
543 820
544 508
545 520
546 566
547 541
548 629
549 482
550 550
551 544
552 545
553 553
554 578
555 562
556 452
557 1043
558 424
559 618
560 588
561 404
562 466
563 505
564 494
565 618
566 598
567 442
568 598
569 448
570 470
571 579
572 520
573 545
574 544
575 588
576 0
577 598
578 636
579 492
580 634
581 567
582 554
583 538
584 523
585 544
586 745
587 522
588 467
589 638
590 1120
591 806
592 860
593 574
594 635
595 564
596 584
597 571
598 576
599 436
600 514
601 564
602 494
603 572
604 450
605 522
606 514
607 548
608 604
609 303
610 4599
611 488
612 512
613 510
614 634
615 658
616 726
617 542
618 484
619 550
620 544
621 574
622 490
623 512
624 743
625 540
626 644
627 616
628 953
629 672
630 806
631 696
632 1985
633 1437
634 520
635 520
636 628
637 682
638 522
639 648
640 921
641 605
642 520
643 762
644 716
645 777
646 460
647 535
648 787
649 548
650 531
651 578
652 880
653 569
654 972
655 1040
656 534
657 1385
658 580
659 2354
660 1277
661 562
662 600
663 490
664 854
665 608
666 656
667 490
668 650
669 733
670 715
671 550
672 438
673 568
674 505
675 608
676 543
677 597
678 486
679 462
680 778
681 676
682 440
683 766
684 744
685 588
686 713
687 480
688 335
689 535
690 613
691 701
692 623
693 703
694 640
695 790
696 1257
697 702
698 552
699 662
700 1412
701 1000
702 603
703 431
704 593
705 664
706 777
707 556
708 1087
709 456
710 558
711 476
712 565
713 990
714 518
715 520
716 14418
717 958
718 650
719 484
720 460
721 532
722 702
723 578
724 692
725 1841
726 863
727 564
728 579
729 692
730 602
731 625
732 971
733 1041
734 586
735 631
736 594
737 633
738 1131
739 1197
740 673
741 519
742 722
743 889
744 568
745 768
746 560
747 617
748 540
749 911
750 659
751 1094
752 823
753 524
754 592
755 492
756 1052
757 518
758 553
759 606
760 590
761 634
762 453
763 630
764 450
765 565
766 926
767 605
768 556
769 590
770 642
771 548
772 694
773 728
774 919
775 562
776 794
777 554
778 783
779 616
780 812
781 728
782 643
783 513
784 1200
785 610
786 471
787 500
788 669
789 758
790 651
791 570
792 857
793 794
794 584
795 798
796 621
797 1111
798 586
799 730
800 1366
801 508
802 704
803 506
804 583
805 616
806 464
807 567
808 684
809 492
810 413
811 622
812 757
813 509
814 670
815 829
816 789
817 1232
818 656
819 2346
820 508
821 753
822 1162
823 1105
824 849
825 464
826 842
827 669
828 1419
829 650
830 446
831 528
832 1172
833 1410
834 924
835 807
836 730
837 656
838 584
839 1649
840 525
841 1362
842 616
843 1835
844 1087
845 694
846 461
847 1152
848 789
849 1224
850 1120
851 1420
852 604
853 706
854 734
855 613
856 2316
857 948
858 618
859 702
860 1336
861 692
862 693
863 1041
864 1044
865 1136
866 1081
867 902
868 3836
869 787
870 1315
871 763
872 854
873 993
874 1149
875 1150
876 1222
877 3123
878 1037
879 1522
880 980
881 2221
882 1806
883 3205
884 1811
885 3170
886 1076
887 940
888 975
889 644
890 586
891 748
892 1547
893 879
894 1564
895 566
896 801
897 1051
898 1208
899 1115
900 2027
901 946
902 834
903 1118
904 784
905 1202
906 733
907 964
908 1004
909 1009
910 1527
911 798
912 1142
913 828
914 1074
915 1422
916 3684
917 2026
918 1207
919 634
920 693
921 1552
922 1966
923 2378
924 2104
925 1181
926 794
927 1262
928 1928
929 4318
930 1661
931 644
932 592
933 3040
934 1931
935 2724
936 1902
937 1165
938 2179
939 1991
940 832
941 1471
942 787
943 1054
944 2707
945 2583
946 752
947 1113
948 2676
949 1528
950 1363
951 2602
952 1456
953 600
954 722
955 1100
956 707
957 676
958 1336
959 1186
960 580
961 679
962 1820
963 1215
964 1192
965 1175
966 786
967 1426
968 1478
969 1133
970 7040
971 3855
972 1734
973 1710
974 1630
975 1806
976 2913
977 898
978 2084
979 935
980 1978
981 1288
982 846
983 2891
984 1971
985 7755
986 1480
987 1075
988 2001
989 2339
990 9465
991 1194
992 1766
993 893
994 1711
995 1135
996 2102
997 1975
998 1749
999 1057
1000 0
1001 0
1002 0
1003 0
1004 0
1005 0
1006 0
1007 0
1008 0
1009 0
1010 0
1011 0
1012 0
1013 0
1014 0
1015 0
1016 0
1017 0
1018 0
1019 0
1020 0
1021 0
1022 0
1023 0
1024 2372
1025 3345
1026 2392
1027 3130
1028 788
1029 1897
1030 1073
1031 893
1032 2563
1033 2979
1034 3168
1035 3157
1036 2853
1037 863
1038 3941
1039 5249
1040 2125
1041 1650
1042 4894
1043 1692
1044 1275
1045 2872
1046 1742
1047 1158
1048 3052
1049 3340
1050 2519
1051 2545
1052 4408
1053 1459
1054 2593
1055 1095
1056 1634
1057 2513
1058 2691
1059 1562
1060 992
1061 2132
1062 1647
1063 1436
1064 4150
1065 1796
1066 3290
1067 3154
1068 2313
1069 5642
1070 3168
1071 2627
1072 4006
1073 7859
1074 3487
1075 4258
1076 2765
1077 4196
1078 6016
1079 2537
1080 5555
1081 5214
1082 1220
1083 1151
1084 1394
1085 1809
1086 1756
1087 3289
1088 2196
1089 2400
1090 1428
1091 1722
1092 3150
1093 6614
1094 1326
1095 1783
1096 1039
1097 1572
1098 1877
1099 2490
1100 1274
1101 3020
1102 659
1103 1196
1104 1055
1105 1876
1106 1315
1107 1639
1108 2285
1109 812
1110 894
1111 1267
1112 2267
1113 2003
1114 5275
1115 4317
1116 1594
1117 1387
1118 2231
1119 1813
1120 1544
1121 945
1122 1032
1123 1338
1124 1000
1125 850
1126 3021
1127 980
1128 1144
1129 833
1130 1213
1131 868
1132 804
1133 1524
1134 1194
1135 1063
1136 2400
1137 724
1138 1984
1139 2000
1140 1456
1141 1721
1142 886
1143 946
1144 1567
1145 3015
1146 1576
1147 2595
1148 1845
1149 2288
1150 2068
1151 2018
1152 3003
1153 1828
1154 659
1155 2317
1156 1695
1157 1064
1158 762
1159 1254
1160 4182
1161 2499
1162 2238
1163 3303
1164 2006
1165 1533
1166 2570
1167 1672
1168 2277
1169 1882
1170 1180
1171 643
1172 2079
1173 1525
1174 1019
1175 910
1176 1750
1177 2218
1178 2650
1179 777
1180 504
1181 800
1182 717
1183 652
1184 1606
1185 2467
1186 7310
1187 589
1188 3048
1189 706
1190 1129
1191 1475
1192 642
1193 669
1194 1706
1195 708
1196 902
1197 822
1198 947
1199 747
1200 558
1201 1078
1202 567
1203 818
1204 566
1205 851
1206 781
1207 794
1208 840
1209 665
1210 776
1211 809
1212 574
1213 846
1214 798
1215 622
1216 1134
1217 831
1218 1238
1219 659
1220 671
1221 1203
1222 619
1223 821
1224 702
1225 604
1226 762
1227 1298
1228 580
1229 1249
1230 1451
1231 834
1232 698
1233 826
1234 738
1235 1272
1236 618
1237 686
1238 536
1239 640
1240 1798
1241 682
1242 2280
1243 1372
1244 776
1245 1572
1246 1172
1247 1280
1248 705
1249 5460
1250 12954
1251 1059
1252 1115
1253 723
1254 626
1255 964
1256 1326
1257 2608
1258 6889
1259 1201
1260 1441
1261 1245
1262 768
1263 529
1264 1384
1265 830
1266 926
1267 2452
1268 1354
1269 3682
1270 3683
1271 1014
1272 2626
1273 1865
1274 1100
1275 1459
1276 4620
1277 3532
1278 1400
1279 1737
1280 1008
1281 847
1282 1540
1283 3213
1284 3589
1285 1019
1286 1085
1287 800
1288 1832
1289 1111
1290 1841
1291 2563
1292 1435
1293 684
1294 1605
1295 1188
1296 1102
1297 1924
1298 2678
1299 3642
1300 1774
1301 2148
1302 1044
1303 4285
1304 7617
1305 1091
1306 2635
1307 1380
1308 2193
1309 900
1310 1659
1311 1867
1312 1088
1313 1211
1314 1776
1315 2009
1316 1247
1317 1267
1318 703
1319 61877
1320 967
1321 588
1322 2685
1323 907
1324 669
1325 1253
1326 2519
1327 687
1328 552
1329 872
1330 662
1331 637
1332 715
1333 686
1334 590
1335 557
1336 638
1337 1429
1338 567
1339 1661
1340 1373
1341 775
1342 1125
1343 542
1344 575
1345 755
1346 577
1347 690
1348 766
1349 13034
1350 35359
1351 2977
1352 2433
1353 5045
1354 1994
1355 1612
1356 889
1357 5274
1358 760
1359 24093
1360 4599
1361 1665
1362 1016
1363 2536
1364 11870
1365 978
1366 770
1367 1770
1368 3318
1369 3639
1370 4556
1371 4998
1372 9113
1373 9300
1374 1107
1375 886
1376 2829
1377 1546
1378 2552
1379 3815
1380 10632
1381 4412
1382 3075
1383 3761
1384 1002
1385 2112
1386 1756
1387 5825
1388 835
1389 5598
1390 2159
1391 3570
1392 10668
1393 1312
1394 1916
1395 3246
1396 3168
1397 12602
1398 4192
1399 2631
1400 4522
1401 1593
1402 4382
1403 13507
1404 4872
1405 2107
1406 1726
1407 686
1408 6900
1409 2781
1410 4633
1411 9153
1412 1919
1413 4643
1414 4529
1415 2591
1416 4786
1417 2082
1418 5295
1419 2082
1420 2687
1421 1408
1422 1849
1423 2971
1424 2519
1425 766
1426 7341
1427 3012
1428 1164
1429 5296
1430 1111
1431 1086
1432 3560
1433 1314
1434 2134
1435 7538
1436 10622
1437 837
1438 792
1439 1313
1440 770
1441 7337
1442 982
1443 4160
1444 926
1445 12249
1446 679
1447 904
1448 3676
1449 6133
1450 8243
1451 838
1452 781
1453 726
1454 869
1455 1164
1456 1626
1457 1741
1458 6318
1459 1503
1460 3354
1461 1860
1462 1473
1463 1367
1464 1954
1465 885
1466 948
1467 4526
1468 3180
1469 5808
1470 2005
1471 1511
1472 1096
1473 5003
1474 3890
1475 5556
1476 884
1477 3526
1478 13862
1479 12484
1480 1160
1481 2156
1482 7391
1483 1262
1484 1457
1485 692
1486 1121
1487 1931
1488 3472
1489 1023
1490 989
1491 4626
1492 1282
1493 4855
1494 1749
1495 685
1496 685
1497 2215
1498 2141
1499 3236
1500 1200
1501 1389
1502 1324
1503 2118
1504 2396
1505 1247
1506 12761
1507 12840
1508 1911
1509 3643
1510 1217
1511 4097
1512 0
1513 0
1514 0
1515 0
1516 0
1517 0
1518 0
1519 0
1520 0
1521 0
1522 0
1523 0
1524 0
1525 0
1526 0
1527 0
1528 0
1529 0
1530 0
1531 0
1532 0
1533 0
1534 0
1535 0
1536 1452
1537 1937
1538 796
1539 1246
1540 1403
1541 833
1542 1649
1543 1349
1544 1672
1545 1365
1546 837
1547 1221
1548 2434
1549 1309
1550 2745
1551 1380
1552 1737
1553 3711
1554 4679
1555 5193
1556 2162
1557 1207
1558 1345
1559 957
1560 832
1561 2331
1562 2337
1563 1470
1564 1492
1565 1586
1566 706
1567 1256
1568 1480
1569 1130
1570 1185
1571 1360
1572 1247
1573 4423
1574 1270
1575 1926
1576 1755
1577 1144
1578 4488
1579 1552
1580 1017
1581 2821
1582 2598
1583 1187
1584 796
1585 1252
1586 943
1587 1072
1588 1315
1589 593
1590 1518
1591 1032
1592 1839
1593 1028
1594 726
1595 931
1596 2097
1597 2193
1598 3317
1599 990
1600 1838
1601 1278
1602 974
1603 1522
1604 777
1605 884
1606 2204
1607 4153
1608 14385
1609 2890
1610 1961
1611 864
1612 12884
1613 1206
1614 858
1615 916
1616 1696
1617 1360
1618 1372
1619 2161
1620 1236
1621 1521
1622 2206
1623 2828
1624 618
1625 1037
1626 1039
1627 4093
1628 1097
1629 941
1630 3913
1631 748
1632 0
1633 817
1634 852
1635 1088
1636 1766
1637 834
1638 667
1639 690
1640 1224
1641 802
1642 1981
1643 784
1644 626
1645 861
1646 634
1647 668
1648 748
1649 1278
1650 980
1651 640
1652 544
1653 893
1654 613
1655 652
1656 945
1657 894
1658 2071
1659 835
1660 937
1661 1066
1662 1466
1663 1051
1664 1024
1665 637
1666 753
1667 993
1668 1664
1669 1392
1670 1786
1671 1444
1672 1974
1673 4096
1674 1827
1675 1063
1676 1228
1677 1432
1678 1362
1679 822
1680 1629
1681 792
1682 2039
1683 2936
1684 3489
1685 2146
1686 1368
1687 774
1688 1069
1689 2184
1690 2985
1691 3141
1692 2226
1693 881
1694 1206
1695 2155
1696 2728
1697 685
1698 1404
1699 1876
1700 898
1701 793
1702 839
1703 3277
1704 975
1705 1181
1706 1119
1707 3801
1708 779
1709 772
1710 984
1711 758
1712 1409
1713 981
1714 1261
1715 1397
1716 748
1717 1044
1718 714
1719 680
1720 1235
1721 957
1722 989
1723 1915
1724 2169
1725 1808
1726 1397
1727 1148
1728 1073
1729 726
1730 1811
1731 2008
1732 994
1733 936
1734 1535
1735 1375
1736 1148
1737 716
1738 2450
1739 1085
1740 4490
1741 2443
1742 3011
1743 2757
1744 2705
1745 1526
1746 1104
1747 1485
1748 1826
1749 4936
1750 2240
1751 1011
1752 1103
1753 2829
1754 1126
1755 1449
1756 2557
1757 794
1758 1725
1759 1124
1760 1104
1761 1831
1762 1026
1763 1352
1764 1502
1765 646
1766 1902
1767 3890
1768 3187
1769 2191
1770 644
1771 1691
1772 1059
1773 1601
1774 2865
1775 2302
1776 1458
1777 1250
1778 1365
1779 1700
1780 2316
1781 2165
1782 7484
1783 2710
1784 714
1785 1080
1786 837
1787 1317
1788 1480
1789 1668
1790 804
1791 1790
1792 2339
1793 3065
1794 1199
1795 1267
1796 3614
1797 1531
1798 0
1799 2309
1800 1005
1801 682
1802 770
1803 705
1804 1625
1805 572
1806 752
1807 705
1808 724
1809 1481
1810 1137
1811 1974
1812 755
1813 1218
1814 940
1815 1551
1816 2319
1817 5439
1818 2658
1819 3234
1820 2123
1821 1338
1822 3329
1823 1343
1824 3539
1825 2823
1826 4372
1827 1559
1828 5079
1829 2623
1830 13195
1831 5202
1832 1430
1833 3726
1834 1538
1835 1677
1836 8747
1837 10091
1838 6466
1839 2030
1840 612
1841 878
1842 706
1843 579
1844 764
1845 693
1846 737
1847 580
1848 789
1849 1153
1850 2290
1851 1034
1852 616
1853 872
1854 976
1855 906
1856 701
1857 547
1858 679
1859 594
1860 798
1861 574
1862 779
1863 532
1864 1849
1865 543
1866 1368
1867 711
1868 1004
1869 1204
1870 582
1871 1390
1872 554
1873 868
1874 2034
1875 1059
1876 722
1877 1404
1878 894
1879 1286
1880 669
1881 1041
1882 1144
1883 634
1884 1539
1885 2728
1886 764
1887 689
1888 1148
1889 978
1890 1397
1891 1039
1892 2190
1893 698
1894 1074
1895 678
1896 1535
1897 7065
1898 1346
1899 1632
1900 1184
1901 1567
1902 933
1903 1332
1904 1184
1905 1996
1906 1704
1907 2203
1908 944
1909 1021
1910 3704
1911 1561
1912 881
1913 1173
1914 1176
1915 1016
1916 1348
1917 1835
1918 1778
1919 1256
1920 1713
1921 2273
1922 3182
1923 1874
1924 2443
1925 3023
1926 1681
1927 5440
1928 1374
1929 1275
1930 2807
1931 1211
1932 2199
1933 2521
1934 1561
1935 2686
1936 6276
1937 1224
1938 936
1939 1663
1940 2989
1941 1731
1942 1923
1943 997
1944 1330
1945 948
1946 1825
1947 4385
1948 2930
1949 1331
1950 1211
1951 609
1952 902
1953 1419
1954 1786
1955 1061
1956 3180
1957 730
1958 3439
1959 807
1960 4228
1961 2107
1962 11368
1963 1012
1964 678
1965 679
1966 570
1967 684
1968 974
1969 941
1970 664
1971 1371
1972 666
1973 883
1974 2485
1975 3696
1976 1930
1977 4892
1978 1387
1979 1196
1980 1085
1981 896
1982 943
1983 1014
1984 1044
1985 1017
1986 1167
1987 955
1988 1750
1989 916
1990 777
1991 694
1992 1068
1993 2184
1994 922
1995 518
1996 824
1997 551
1998 899
1999 3060
2000 1114
2001 654
2002 1422
2003 612
2004 1384
2005 682
2006 1168
2007 3182
2008 5140
2009 2963
2010 872
2011 742
2012 1074
2013 898
2014 1178
2015 906
2016 824
2017 7664
2018 876
2019 802
2020 960
2021 1057
2022 1351
2023 1171
2024 0
2025 0
2026 0
2027 0
2028 0
2029 0
2030 0
2031 1911
2032 0
2033 0
2034 0
2035 0
2036 0
2037 0
2038 0
2039 0
2040 0
2041 0
2042 0
2043 0
2044 0
2045 0
2046 0
2047 0
