1 1.344
2 1.006
3 0.981
4 0.976
5 1.088
6 1.333
7 1.148
8 0.949
9 1.122
10 1.094
11 1.003
12 1.209
13 0.903
14 0.902
15 1.165
16 1.101
17 0.974
18 1.270
19 1.009
20 1.200
21 0.903
22 1.062
23 1.428
24 1.012
25 1.020
26 1.197
27 0.969
28 1.342
29 1.041
30 1.536
31 1.199
32 1.626
33 1.583
34 1.009
35 1.288
36 1.241
37 1.271
38 1.125
39 1.123
40 1.179
41 1.232
42 1.079
43 1.144
44 1.049
45 1.131
46 1.076
47 1.191
48 1.511
49 1.159
50 1.010
51 1.166
52 1.189
53 1.317
54 1.296
55 1.444
56 1.134
57 1.146
58 1.240
59 1.049
60 0.936
61 1.074
62 1.258
63 1.072
64 1.029
65 0.918
66 1.125
67 1.073
68 1.279
69 1.079
70 0.942
71 1.155
72 1.326
73 1.176
74 1.215
75 1.478
76 1.135
77 1.281
78 1.076
79 1.032
80 1.317
81 1.000
82 1.208
83 1.015
84 1.279
85 1.002
86 0.943
87 1.539
88 1.412
89 1.219
90 0.943
91 0.997
92 1.325
93 1.042
94 1.044
95 0.848
96 0.769
97 0.630
98 0.800
99 0.558
100 0.989
101 1.203
102 1.234
103 1.302
104 1.643
105 1.346
106 1.310
107 0.975
108 1.083
109 1.237
110 1.130
111 1.361
112 1.314
113 1.317
114 1.224
115 1.005
116 1.085
117 0.985
118 1.011
119 1.245
120 1.328
121 1.377
122 1.441
123 1.373
124 1.014
125 1.416
126 1.335
127 1.090
128 1.580
129 1.153
130 1.036
131 0.967
132 0.987
133 1.051
134 0.999
135 0.974
136 1.059
137 1.304
138 0.989
139 1.223
140 1.053
141 1.068
142 1.031
143 0.962
144 1.075
145 0.918
146 1.023
147 0.941
148 1.099
149 1.109
150 0.984
151 1.136
152 1.237
153 1.007
154 1.297
155 0.941
156 0.917
157 0.914
158 1.165
159 1.053
160 0.982
161 1.121
162 1.096
163 1.053
164 1.033
165 1.217
166 0.964
167 1.032
168 0.934
169 1.102
170 1.152
171 0.989
172 0.905
173 0.968
174 1.108
175 0.907
176 1.085
177 0.915
178 1.186
179 1.175
180 0.929
181 0.928
182 0.965
183 1.290
184 1.243
185 1.131
186 0.914
187 0.941
188 1.061
189 0.995
190 1.432
191 1.563
192 1.150
193 1.148
194 1.033
195 0.994
196 1.060
197 1.014
198 1.250
199 0.928
200 0.911
201 1.148
202 1.258
203 1.156
204 1.012
205 1.290
206 1.117
207 1.126
208 0.919
209 1.083
210 0.924
211 0.955
212 1.040
213 0.913
214 0.930
215 1.229
216 1.069
217 0.981
218 1.556
219 0.952
220 1.281
221 0.983
222 1.195
223 1.214
224 1.018
225 1.145
226 0.941
227 0.979
228 1.149
229 0.962
230 1.011
231 1.067
232 0.987
233 1.272
234 0.921
235 0.987
236 1.125
237 1.108
238 1.060
239 0.929
240 1.140
241 1.037
242 0.928
243 0.967
244 0.994
245 0.962
246 1.015
247 1.028
248 0.964
249 1.266
250 0.962
251 0.939
252 1.063
253 1.185
254 0.963
255 1.182
256 1.006
257 1.047
258 1.052
259 1.016
260 0.912
261 0.931
262 1.061
263 1.252
264 1.120
265 1.209
266 1.337
267 0.930
268 1.016
269 1.178
270 1.081
271 0.916
272 1.098
273 0.901
274 1.182
275 1.083
276 1.043
277 1.323
278 1.092
279 1.416
280 0.904
281 0.945
282 0.935
283 1.188
284 0.951
285 1.346
286 1.313
287 1.184
288 1.193
289 1.047
290 1.116
291 0.986
292 1.032
293 0.940
294 1.325
295 1.210
296 0.972
297 0.981
298 1.062
299 0.994
300 0.939
301 0.832
302 0.835
303 0.887
304 0.829
305 0.873
306 0.801
307 0.896
308 0.892
309 0.983
310 0.988
311 1.020
312 0.944
313 1.030
314 1.075
315 1.063
316 1.079
317 1.159
318 0.943
319 1.364
320 1.030
321 1.188
322 0.903
323 0.931
324 1.123
325 1.087
326 1.040
327 0.998
328 0.936
329 0.956
330 0.914
331 1.124
332 1.010
333 1.044
334 1.026
335 1.322
336 0.944
337 1.130
338 0.783
339 1.208
340 1.008
341 0.930
342 0.994
343 1.038
344 1.072
345 1.309
346 1.068
347 0.928
348 1.061
349 1.156
350 1.275
351 1.173
352 0.902
353 1.422
354 1.361
355 0.902
356 0.905
357 0.972
358 1.173
359 0.951
360 0.915
361 0.934
362 1.186
363 1.078
364 1.006
365 0.916
366 0.975
367 1.052
368 1.064
369 0.990
370 1.067
371 1.275
372 0.942
373 1.063
374 0.670
375 0.817
376 0.834
377 0.729
378 0.686
379 0.676
380 0.798
381 0.579
382 0.648
383 0.529
384 0.579
385 0.741
386 0.671
387 0.775
388 0.714
389 0.600
390 0.623
391 0.607
392 0.781
393 0.674
394 0.589
395 0.671
396 0.787
397 0.583
398 0.797
399 0.501
400 0.741
401 0.559
402 0.702
403 0.620
404 0.528
405 -1.000
406 0.616
407 0.990
408 0.970
409 0.989
410 1.068
411 1.176
412 0.962
413 1.246
414 0.944
415 1.088
416 0.938
417 1.191
418 1.209
419 1.079
420 1.136
421 1.170
422 1.357
423 1.225
424 1.053
425 1.212
426 0.994
427 0.964
428 1.057
429 0.873
430 0.824
431 0.890
432 0.820
433 0.853
434 0.819
435 0.879
436 0.836
437 0.895
438 0.870
439 0.874
440 0.851
441 0.805
442 0.852
443 0.877
444 0.844
445 0.836
446 0.878
447 0.824
448 0.843
449 0.878
450 0.861
451 0.877
452 0.847
453 0.856
454 0.810
455 0.834
456 0.899
457 0.894
458 0.875
459 0.817
460 0.854
461 0.865
462 0.809
463 0.820
464 0.894
465 0.885
466 0.976
467 1.275
468 0.987
469 1.105
470 0.560
471 0.746
472 0.550
473 0.578
474 0.555
475 0.977
476 0.688
477 0.748
478 0.529
479 0.681
480 0.667
481 0.798
482 1.061
483 0.508
484 0.671
485 0.550
486 0.607
487 0.548
488 1.053
489 0.535
490 0.696
491 0.746
492 0.788
493 0.757
494 0.718
495 0.660
496 0.759
497 0.614
498 0.530
499 1.276
500 0.613
501 0.993
502 1.167
503 1.166
504 1.178
505 0.783
506 0.615
507 0.743
508 0.898
509 0.898
510 0.791
511 0.771
512 0.693
513 0.798
514 0.690
515 0.893
516 0.667
517 0.623
518 0.649
519 0.797
520 0.564
521 0.756
522 0.571
523 0.755
524 0.558
525 0.765
526 0.778
527 0.781
528 0.797
529 0.622
530 0.562
531 0.903
532 0.725
533 0.754
534 0.789
535 0.662
536 0.735
537 0.875
538 0.544
539 0.713
540 0.736
541 0.774
542 0.611
543 0.550
544 0.559
545 0.652
546 0.624
547 0.753
548 0.667
549 0.683
550 0.643
551 0.574
552 0.700
553 0.795
554 0.573
555 0.777
556 0.756
557 0.749
558 0.708
559 0.760
560 0.704
561 0.660
562 0.762
563 0.898
564 0.614
565 0.789
566 0.726
567 0.600
568 0.730
569 0.662
570 0.691
571 0.743
572 0.765
573 0.549
574 0.767
575 0.841
576 0.668
577 0.568
578 0.624
579 0.761
580 0.684
581 0.731
582 0.687
583 0.586
584 0.742
585 0.664
586 0.716
587 0.577
588 0.650
589 0.775
590 0.792
591 0.721
592 0.602
593 0.659
594 0.693
595 0.774
596 0.799
597 0.650
598 0.707
599 0.726
600 0.511
601 0.733
602 0.721
603 0.768
604 0.656
605 1.172
606 1.391
607 0.930
608 1.056
609 0.519
610 0.653
611 0.694
612 0.625
613 0.587
614 0.604
615 0.604
616 0.731
617 0.601
618 0.776
619 0.733
620 0.693
621 0.757
622 0.771
623 0.595
624 0.661
625 0.715
626 0.790
627 0.642
628 0.642
629 1.196
630 0.798
631 0.502
632 0.788
633 0.559
634 0.720
635 0.788
636 0.613
637 0.685
638 0.738
639 0.729
640 0.550
641 0.756
642 0.954
643 0.789
644 0.745
645 0.699
646 0.753
647 0.918
648 0.583
649 0.627
650 0.698
651 0.783
652 0.694
653 0.736
654 1.127
655 0.588
656 0.627
657 0.687
658 0.912
659 0.686
660 0.626
661 0.607
662 0.722
663 0.739
664 0.507
665 0.554
666 0.691
667 0.605
668 0.724
669 0.623
670 1.283
671 0.667
672 0.792
673 0.565
674 0.549
675 0.791
676 0.625
677 0.713
678 0.750
679 0.522
680 0.683
681 0.876
682 0.870
683 0.827
684 0.828
685 0.602
686 0.640
687 0.841
688 0.895
689 0.857
690 0.886
691 0.872
692 0.863
693 0.867
694 0.805
695 0.849
696 0.873
697 0.888
698 0.844
699 0.896
700 0.898
701 0.844
702 0.839
703 0.864
704 0.840
705 0.837
706 0.864
707 1.064
708 0.879
709 1.409
710 0.842
711 0.873
712 0.871
713 0.834
714 0.876
715 0.894
716 0.882
717 0.897
718 0.813
719 0.841
720 0.805
721 0.880
722 0.890
723 0.856
724 0.815
725 0.856
726 0.888
727 0.810
728 0.878
729 0.808
730 0.805
731 0.810
732 0.877
733 0.868
734 0.837
735 0.847
736 0.820
737 0.820
738 0.821
739 0.867
740 0.926
741 1.038
742 0.897
743 0.970
744 1.066
745 0.981
746 1.061
747 0.988
748 0.927
749 1.206
750 1.209
751 1.315
752 1.318
753 1.082
754 1.277
755 1.477
756 1.510
757 1.491
758 1.024
759 0.993
760 0.940
761 1.120
762 0.941
763 1.060
764 1.030
765 0.935
766 0.960
767 1.109
768 1.487
769 0.908
770 1.108
771 0.984
772 1.399
773 1.012
774 0.973
775 0.953
776 1.006
777 1.309
778 1.030
779 1.076
780 1.083
781 1.107
782 1.013
783 1.124
784 1.000
785 1.005
786 0.984
787 0.877
788 0.819
789 0.850
790 1.330
791 0.869
792 0.841
793 0.827
794 0.865
795 1.298
796 1.076
797 1.080
798 0.944
799 1.330
800 0.868
801 0.812
802 0.868
803 0.872
804 0.877
805 0.877
806 0.842
807 0.831
808 0.879
809 0.858
810 0.826
811 0.874
812 0.883
813 0.739
814 0.864
815 0.861
816 0.788
817 0.845
818 0.881
819 0.862
820 0.801
821 0.835
822 0.869
823 0.814
824 0.858
825 0.809
826 0.820
827 0.875
828 0.841
829 0.801
830 0.828
831 0.852
832 0.868
833 0.876
834 0.828
835 0.840
836 0.896
837 0.730
838 0.784
839 0.800
840 0.829
841 0.835
842 0.866
843 0.882
844 0.817
845 0.875
846 0.831
847 0.870
848 1.102
849 1.122
850 1.085
851 1.320
852 1.060
853 1.031
854 1.227
855 0.777
856 1.141
857 1.037
858 1.274
859 1.058
860 1.107
861 1.318
862 1.160
863 1.271
864 0.938
865 0.920
866 0.951
867 0.996
868 0.925
869 0.937
870 1.095
871 1.178
872 0.924
873 0.985
874 0.993
875 1.267
876 1.042
877 0.957
878 0.966
879 0.923
880 1.516
881 1.119
882 0.932
883 1.010
884 1.340
885 0.967
886 0.838
887 0.882
888 1.193
889 0.784
890 0.712
891 0.985
892 1.129
893 1.003
894 1.050
895 1.385
896 0.909
897 1.039
898 1.151
899 1.079
900 1.170
901 1.170
902 1.336
903 1.182
904 1.150
905 1.395
906 1.095
907 0.982
908 1.467
909 1.100
910 0.693
911 0.689
912 0.780
913 0.743
914 0.668
915 0.740
916 0.661
917 0.741
918 0.721
919 0.693
920 0.778
921 0.799
922 1.104
923 1.331
924 0.790
925 0.794
926 0.682
927 0.757
928 0.787
929 0.788
930 0.874
931 0.800
932 0.882
933 0.883
934 0.867
935 0.858
936 0.898
937 0.859
938 0.897
939 0.837
940 0.881
941 0.830
942 0.843
943 0.885
944 0.829
945 0.898
946 0.861
947 0.849
948 1.362
949 1.011
950 1.097
951 0.998
952 0.976
953 0.920
954 1.297
955 1.169
956 0.979
957 0.991
958 1.053
959 1.388
960 0.961
961 1.123
962 1.252
963 0.966
964 1.129
965 1.166
966 1.278
967 0.916
968 1.259
969 0.954
970 1.025
971 1.016
972 0.966
973 0.987
974 1.002
975 1.066
976 1.054
977 0.891
978 0.895
979 0.813
980 0.805
981 -1.000
982 0.830
983 0.838
984 0.892
985 1.069
986 1.032
987 1.112
988 0.886
989 0.849
990 0.838
991 0.856
992 0.889
993 1.225
994 0.955
995 1.383
996 0.904
997 1.055
998 0.592
999 1.285
1000 0.894
1001 0.805
1002 0.996
1003 1.144
1004 1.220
1005 1.348
1006 0.956
1007 0.897
1008 0.941
1009 1.345
1010 0.825
1011 0.876
1012 0.865
1013 0.845
1014 0.856
1015 0.823
1016 0.811
1017 0.815
1018 0.819
1019 0.815
1020 0.948
1021 1.049
1022 1.162
1023 0.994
1024 0.625
1025 0.917
1026 0.912
1027 0.945
1028 0.988
1029 1.455
1030 0.989
1031 1.057
1032 0.848
1033 1.113
1034 0.986
1035 0.702
1036 1.024
1037 0.968
1038 1.090
1039 1.151
1040 0.944
1041 1.112
1042 1.097
1043 0.926
1044 0.554
1045 1.117
1046 0.870
1047 0.895
1048 0.818
1049 0.838
1050 0.887
1051 0.869
1052 0.980
1053 1.067
1054 0.874
1055 0.988
1056 1.059
1057 0.817
1058 0.884
1059 0.851
1060 1.158
1061 0.643
1062 0.667
1063 0.815
1064 0.862
1065 0.560
1066 0.687
1067 0.829
1068 0.876
1069 1.078
1070 0.847
1071 0.833
1072 0.997
1073 0.835
1074 0.812
1075 0.854
1076 0.659
1077 0.826
1078 1.035
1079 0.548
1080 0.784
1081 1.309
1082 0.978
1083 0.797
1084 0.787
1085 0.681
1086 0.750
1087 0.690
1088 0.876
1089 0.650
1090 0.739
1091 0.700
1092 0.845
1093 0.700
1094 0.799
1095 0.760
1096 0.600
1097 0.997
1098 0.620
1099 0.812
1100 0.654
1101 0.821
1102 1.636
1103 0.787
1104 0.773
1105 0.708
1106 0.689
1107 0.612
1108 0.890
1109 0.541
1110 0.828
1111 0.890
1112 0.870
1113 0.619
1114 0.538
1115 0.756
1116 0.601
1117 0.594
1118 0.541
1119 0.685
1120 0.689
1121 0.613
1122 0.709
1123 0.700
1124 0.562
1125 0.786
1126 0.868
1127 0.703
1128 0.660
1129 0.605
1130 0.694
1131 0.590
1132 0.725
1133 0.674
1134 0.559
1135 0.843
1136 1.042
1137 1.014
1138 0.687
1139 1.033
1140 0.767
1141 0.914
1142 0.907
1143 1.113
1144 1.157
1145 0.999
1146 1.033
1147 0.925
1148 0.728
1149 0.824
1150 0.732
1151 0.696
1152 0.724
1153 0.630
1154 0.607
1155 0.791
1156 0.681
1157 0.790
1158 0.638
1159 0.581
1160 0.723
1161 0.639
1162 0.778
1163 0.592
1164 0.912
1165 0.580
1166 0.747
1167 0.650
1168 0.628
1169 0.565
1170 0.549
1171 0.652
1172 0.659
1173 0.722
1174 0.630
1175 0.630
1176 0.961
1177 0.618
1178 0.775
1179 0.633
1180 0.603
1181 0.596
1182 0.782
1183 0.779
1184 0.701
1185 0.821
1186 0.583
1187 0.584
1188 0.702
1189 0.654
1190 1.120
1191 0.934
1192 0.692
1193 0.881
1194 1.026
1195 0.597
1196 0.632
1197 0.768
1198 0.776
1199 0.571
1200 0.580
1201 0.637
1202 0.647
1203 0.694
1204 0.711
1205 0.565
1206 0.658
1207 0.717
1208 0.750
1209 0.677
1210 0.642
1211 0.700
1212 0.608
1213 0.620
1214 0.729
1215 0.691
1216 0.770
1217 0.753
1218 0.663
1219 0.573
1220 0.574
1221 0.690
1222 0.738
1223 0.754
1224 0.652
1225 0.653
1226 0.739
1227 0.681
1228 0.986
1229 1.069
1230 0.945
1231 0.916
1232 1.004
1233 1.119
1234 1.161
1235 1.036
1236 0.923
1237 1.030
1238 1.125
1239 1.044
1240 1.062
1241 0.902
1242 1.072
1243 0.915
1244 1.106
1245 0.962
1246 1.141
1247 0.904
1248 0.930
1249 1.184
1250 1.168
1251 0.940
1252 1.066
1253 0.932
1254 1.020
1255 1.083
1256 1.027
1257 1.055
1258 0.886
1259 0.827
1260 0.872
1261 0.946
1262 1.371
1263 0.947
1264 0.963
1265 1.042
1266 0.943
1267 1.023
1268 0.827
1269 0.885
1270 0.876
1271 0.897
1272 0.825
1273 0.818
1274 0.897
1275 0.869
1276 1.099
1277 1.000
1278 0.821
1279 0.815
1280 0.813
1281 0.809
1282 0.747
1283 0.746
1284 0.734
1285 0.565
1286 0.608
1287 0.856
1288 0.798
1289 0.606
1290 0.775
1291 0.711
1292 0.592
1293 0.777
1294 0.740
1295 0.606
1296 0.761
1297 0.573
1298 0.594
1299 0.578
1300 0.796
1301 0.636
1302 0.656
1303 0.779
1304 0.552
1305 0.629
1306 0.656
1307 0.554
1308 0.747
1309 0.650
1310 0.588
1311 0.594
1312 1.010
1313 0.722
1314 0.755
1315 0.776
1316 0.561
1317 0.624
1318 1.150
1319 0.746
1320 0.587
1321 0.660
1322 0.670
1323 0.791
1324 0.666
1325 0.719
1326 0.704
1327 0.594
1328 0.742
1329 0.795
1330 1.271
1331 1.705
1332 1.511
1333 1.529
1334 1.148
1335 0.999
1336 1.012
1337 0.957
1338 1.206
1339 1.032
1340 1.086
1341 0.931
1342 0.981
1343 0.942
1344 1.622
1345 1.135
1346 1.436
1347 1.114
1348 1.349
1349 1.356
1350 1.080
1351 1.229
1352 1.284
1353 1.030
1354 1.003
1355 0.995
1356 0.986
1357 1.393
1358 1.248
1359 1.228
1360 1.378
1361 1.093
1362 0.971
1363 0.932
1364 1.415
1365 1.433
1366 1.295
1367 1.079
1368 1.282
1369 1.341
1370 0.905
1371 1.529
1372 1.075
1373 1.100
1374 1.061
1375 1.383
1376 0.912
1377 1.199
1378 1.041
1379 1.193
1380 1.187
1381 1.160
1382 1.333
1383 0.919
1384 0.930
1385 1.350
1386 1.023
1387 0.741
1388 0.783
1389 0.712
1390 0.658
1391 0.580
1392 0.581
1393 0.687
1394 0.785
1395 0.699
1396 0.755
1397 0.769
1398 0.684
1399 0.690
1400 0.796
1401 0.783
1402 0.678
1403 0.578
1404 0.713
1405 0.650
1406 0.623
1407 0.771
1408 0.751
1409 1.318
1410 0.516
1411 0.708
1412 0.800
1413 0.773
1414 0.790
1415 0.626
1416 0.798
1417 0.668
1418 0.706
1419 0.695
1420 0.753
1421 1.191
1422 0.656
1423 1.146
1424 0.730
1425 1.159
1426 0.926
1427 1.028
1428 1.027
1429 1.053
1430 0.706
1431 0.682
1432 0.642
1433 0.579
1434 0.759
1435 0.714
1436 0.758
1437 0.712
1438 1.185
1439 1.219
1440 1.276
1441 1.008
1442 1.512
1443 1.378
1444 0.984
1445 1.333
1446 1.214
1447 1.111
1448 1.126
1449 1.280
1450 1.134
1451 1.218
1452 1.092
1453 1.018
1454 1.526
1455 1.443
1456 1.005
1457 1.029
1458 1.576
1459 1.307
1460 1.083
1461 1.530
1462 1.300
1463 1.147
1464 1.309
1465 1.019
1466 0.854
1467 0.816
1468 1.053
1469 1.074
1470 1.356
1471 1.418
1472 0.633
1473 0.668
1474 0.840
1475 0.882
1476 0.888
1477 1.250
1478 1.509
1479 1.268
1480 1.503
1481 0.812
1482 1.432
1483 1.278
1484 1.006
1485 0.940
1486 0.923
1487 1.329
1488 1.233
1489 1.183
1490 1.036
1491 1.081
1492 0.927
1493 1.000
1494 1.153
1495 1.238
1496 0.956
1497 1.025
1498 1.291
1499 1.049
1500 1.223
1501 1.276
1502 0.913
1503 1.030
1504 1.271
1505 1.140
1506 0.872
1507 0.846
1508 0.873
1509 0.841
1510 0.945
1511 0.890
1512 0.874
1513 0.973
1514 1.011
1515 1.069
1516 1.084
1517 1.177
1518 0.846
1519 0.818
1520 0.825
1521 0.878
1522 0.801
1523 1.140
1524 1.266
1525 1.154
1526 0.911
1527 1.100
1528 1.141
1529 1.192
1530 0.942
1531 0.978
1532 1.024
1533 0.797
1534 0.711
1535 0.885
1536 0.509
1537 0.820
1538 0.502
1539 0.807
1540 0.752
1541 0.630
1542 0.917
1543 1.266
1544 1.159
1545 1.088
1546 1.054
1547 1.161
1548 1.098
1549 1.142
1550 1.103
1551 1.105
1552 1.060
1553 0.924
1554 0.965
1555 0.905
1556 1.156
1557 1.016
1558 0.937
1559 1.060
1560 0.935
1561 1.007
1562 1.052
1563 0.943
1564 1.154
1565 0.949
1566 1.160
1567 0.930
1568 1.013
1569 0.929
1570 0.983
1571 0.935
1572 1.011
1573 0.983
1574 0.915
1575 1.073
1576 1.070
1577 1.056
1578 0.917
1579 1.056
1580 1.053
1581 1.121
1582 0.942
1583 1.331
1584 1.016
1585 0.969
1586 0.940
1587 1.047
1588 1.101
1589 1.351
1590 0.923
1591 0.954
1592 0.985
1593 0.991
1594 1.095
1595 0.945
1596 0.994
1597 0.845
1598 0.886
1599 0.876
1600 0.820
1601 0.878
1602 0.817
1603 0.825
1604 0.877
1605 0.833
1606 0.885
1607 0.841
1608 0.889
1609 0.828
1610 0.820
1611 0.881
1612 0.855
1613 0.892
1614 0.878
1615 0.845
1616 0.881
1617 0.817
1618 0.848
1619 0.814
1620 0.822
1621 0.813
1622 0.859
1623 0.817
1624 0.864
1625 0.897
1626 0.840
1627 0.833
1628 0.805
1629 0.893
1630 0.933
1631 0.803
1632 0.818
1633 0.840
1634 0.865
1635 0.872
1636 0.830
1637 0.874
1638 1.144
1639 1.083
1640 1.059
1641 1.198
1642 1.117
1643 1.037
1644 1.171
1645 1.129
1646 1.138
1647 1.353
1648 1.472
1649 1.401
1650 1.170
1651 0.997
1652 1.389
1653 0.993
1654 1.221
1655 1.126
1656 0.971
1657 1.140
1658 1.015
1659 1.128
1660 0.971
1661 1.028
1662 1.033
1663 1.200
1664 1.219
1665 1.273
1666 1.131
1667 1.014
1668 1.147
1669 1.040
1670 1.055
1671 0.973
1672 0.933
1673 1.296
1674 1.280
1675 1.117
1676 1.196
1677 1.348
1678 1.384
1679 1.246
1680 1.170
1681 0.762
1682 0.803
1683 0.675
1684 0.845
1685 0.600
1686 0.837
1687 0.975
1688 0.736
1689 0.576
1690 0.722
1691 0.714
1692 0.898
1693 1.027
1694 0.976
1695 1.029
1696 0.996
1697 1.716
1698 1.715
1699 1.925
1700 1.606
1701 1.236
1702 1.507
1703 1.794
1704 1.268
1705 1.504
1706 1.359
1707 1.359
1708 1.382
1709 1.719
1710 1.343
1711 1.219
1712 1.741
1713 1.812
1714 1.584
1715 1.249
1716 1.688
1717 1.521
1718 1.734
1719 1.623
1720 1.395
1721 2.066
1722 1.529
1723 1.453
1724 1.571
1725 1.742
1726 1.393
1727 1.932
1728 1.912
1729 1.488
1730 1.078
1731 1.981
1732 1.278
1733 1.527
1734 1.335
1735 1.368
1736 1.205
1737 0.929
1738 0.970
1739 1.649
1740 1.246
1741 1.413
1742 1.049
1743 0.922
1744 1.282
1745 0.951
1746 0.948
1747 0.989
1748 1.247
1749 0.942
1750 1.552
1751 1.277
1752 1.788
1753 1.588
1754 1.986
1755 1.628
1756 1.931
1757 1.961
1758 1.890
1759 2.069
1760 1.907
1761 1.632
1762 1.686
1763 1.534
1764 1.390
1765 1.430
1766 1.664
1767 1.848
1768 1.771
1769 1.535
1770 1.334
1771 1.371
1772 1.561
1773 1.588
1774 1.308
1775 1.597
1776 1.456
1777 1.371
1778 1.547
1779 1.773
1780 1.514
1781 1.436
1782 1.335
1783 1.748
1784 1.497
1785 1.456
1786 1.613
1787 1.230
1788 1.564
1789 1.287
1790 1.648
1791 1.150
1792 1.749
1793 1.578
1794 0.901
1795 0.771
1796 0.740
1797 0.597
1798 1.005
1799 0.726
1800 0.713
1801 0.836
1802 0.675
1803 0.576
1804 0.769
1805 0.723
1806 0.799
1807 0.709
1808 0.830
1809 0.682
1810 0.792
1811 0.713
1812 0.948
1813 0.917
1814 0.840
1815 0.689
1816 0.841
1817 0.654
1818 1.021
1819 0.951
1820 0.797
1821 0.850
1822 0.971
1823 0.896
1824 0.935
1825 0.788
1826 0.857
1827 0.832
1828 0.784
1829 1.094
1830 0.891
1831 0.900
1832 0.951
1833 0.748
1834 0.931
1835 0.959
1836 0.926
1837 0.899
1838 0.982
1839 0.790
1840 0.626
1841 0.644
1842 0.852
1843 0.680
1844 0.803
1845 0.731
1846 0.821
1847 0.719
1848 0.847
1849 0.826
1850 -1.000
1851 0.794
1852 0.636
1853 0.636
1854 0.645
1855 0.733
1856 0.735
1857 0.602
1858 0.709
1859 0.636
1860 0.750
1861 0.702
1862 0.743
1863 0.670
1864 0.806
1865 0.544
1866 0.729
1867 0.807
1868 0.818
1869 0.781
1870 0.863
1871 0.848
1872 0.808
1873 0.895
1874 0.890
1875 0.828
1876 0.869
1877 0.823
1878 0.710
1879 0.839
1880 0.745
1881 0.692
1882 0.669
1883 0.756
1884 0.877
1885 0.706
1886 0.853
1887 0.633
1888 0.870
1889 0.806
1890 1.111
1891 1.501
1892 1.098
1893 1.540
1894 1.158
1895 1.242
1896 1.191
1897 1.303
1898 1.147
1899 1.079
1900 1.319
1901 1.056
1902 0.807
1903 0.899
1904 0.805
1905 0.841
1906 0.864
1907 0.819
1908 0.841
1909 0.827
1910 0.629
1911 0.901
1912 0.806
1913 0.594
1914 0.667
1915 0.776
1916 1.283
1917 1.097
1918 0.930
1919 1.008
1920 0.946
1921 0.906
1922 0.933
1923 1.026
1924 1.013
1925 0.920
1926 0.961
1927 1.157
1928 1.005
1929 0.815
1930 0.832
1931 0.801
1932 0.702
1933 0.722
1934 0.589
1935 0.557
1936 0.560
1937 0.762
1938 0.661
1939 0.655
1940 0.628
1941 0.696
1942 0.698
1943 0.708
1944 0.815
1945 0.573
1946 0.671
1947 0.646
1948 0.898
1949 0.873
1950 0.722
1951 0.619
1952 0.739
