1 59.9
2 67.4
3 69.5
4 62.0
5 67.9
6 57.4
7 62.3
8 70.5
9 63.3
10 61.5
11 58.3
12 54.1
13 63.6
14 62.3
15 67.4
16 59.5
17 74.3
18 69.7
19 70.2
20 68.1
21 70.1
22 76.2
23 68.3
24 65.9
25 76.3
26 62.0
27 70.0
28 62.6
29 58.3
30 55.8
31 53.9
32 62.1
33 63.8
34 54.5
35 65.0
36 56.9
37 58.6
38 53.4
39 57.0
40 60.2
41 64.6
42 60.7
43 63.8
44 63.2
45 62.4
46 56.8
47 60.3
48 66.2
49 61.5
50 57.6
51 59.8
52 57.0
53 58.9
54 56.4
55 61.2
56 54.4
57 65.9
58 58.0
59 59.5
60 55.1
61 58.2
62 55.1
63 55.6
64 62.0
65 68.3
66 61.6
67 68.5
68 73.1
69 64.9
70 63.7
71 60.6
72 59.9
73 61.9
74 60.4
75 63.4
76 72.8
77 62.6
78 64.2
79 65.3
80 62.7
81 61.1
82 68.4
83 58.5
84 73.5
85 65.8
86 66.5
87 63.3
88 66.2
89 60.8
90 68.6
91 71.7
92 63.4
93 71.0
94 68.1
95 56.7
96 57.7
97 60.5
98 58.9
99 62.0
100 61.3
101 62.5
102 58.6
103 58.7
104 54.4
105 68.7
106 66.8
107 60.4
108 63.6
109 64.2
110 85.3
111 67.5
112 62.5
113 67.9
114 65.2
115 80.5
116 78.6
117 59.6
118 63.1
119 52.2
120 67.3
121 65.7
122 70.1
123 74.3
124 81.1
125 58.0
126 51.1
127 65.6
128 67.1
129 64.7
130 67.2
131 69.0
132 70.1
133 62.5
134 68.1
135 65.3
136 68.3
137 71.0
138 64.4
139 65.6
140 63.7
141 65.9
142 58.8
143 61.1
144 67.1
145 60.7
146 69.6
147 73.1
148 69.9
149 66.8
150 69.9
151 66.3
152 61.6
153 66.9
154 55.5
155 61.0
156 61.1
157 65.9
158 60.6
159 58.5
160 60.5
161 52.2
162 56.1
163 56.1
164 54.0
165 53.1
166 71.8
167 71.2
168 65.1
169 74.8
170 68.5
171 72.6
172 63.2
173 69.5
174 60.2
175 62.2
176 65.9
177 67.2
178 81.2
179 74.5
180 69.1
181 54.3
182 59.2
183 66.3
184 62.5
185 58.6
186 58.0
187 57.6
188 57.1
189 63.6
190 63.4
191 64.6
192 58.7
193 56.1
194 55.1
195 62.4
196 56.9
197 72.0
198 74.5
199 62.4
200 62.0
201 74.1
202 74.5
203 71.8
204 72.0
205 72.1
206 77.1
207 76.4
208 68.2
209 72.6
210 66.9
211 78.6
212 57.5
213 57.4
214 57.1
215 64.5
216 60.7
217 57.4
218 64.0
219 72.6
220 73.2
221 64.5
222 70.6
223 73.4
224 71.4
225 77.7
226 74.6
227 75.0
228 66.6
229 77.2
230 73.5
231 75.8
232 62.7
233 61.8
234 59.2
235 75.1
236 71.4
237 79.8
238 74.5
239 72.3
240 83.1
241 80.8
242 73.7
243 63.8
244 71.0
245 73.7
246 65.7
247 53.2
248 68.9
249 51.8
250 54.9
251 69.0
252 63.4
253 68.8
254 62.3
255 62.5
256 63.4
257 64.1
258 60.0
259 69.8
260 74.8
261 61.9
262 73.2
263 66.6
264 72.3
265 72.1
266 67.3
267 64.7
268 67.1
269 71.9
270 78.0
271 65.7
272 65.0
273 64.6
274 71.3
275 72.4
276 69.3
277 73.1
278 60.1
279 65.1
280 67.8
281 67.5
282 68.8
283 66.6
284 67.3
285 70.3
286 65.4
287 70.6
288 65.2
289 64.4
290 67.0
291 66.3
292 59.4
293 69.7
294 53.3
295 65.7
296 63.6
297 58.4
298 62.6
299 63.1
300 62.4
301 52.5
302 59.5
303 57.3
304 62.1
305 58.3
306 55.4
307 58.6
308 63.1
309 64.6
310 57.1
311 70.2
312 69.5
313 75.4
314 68.1
315 71.7
316 67.1
317 71.1
318 67.2
319 68.2
320 50.1
321 75.5
322 67.3
323 76.7
324 77.1
325 64.0
326 54.9
327 65.7
328 73.4
329 80.2
330 74.3
331 77.6
332 70.5
333 79.3
334 74.4
335 73.2
336 65.9
337 75.5
338 57.5
339 77.3
340 74.8
341 65.3
342 71.5
343 75.5
344 72.7
345 64.7
346 70.6
347 71.9
348 82.1
349 80.1
350 55.2
351 82.7
352 67.3
353 67.6
354 78.3
355 57.3
356 55.8
357 63.8
358 71.0
359 68.0
360 69.6
361 59.1
362 61.7
363 63.0
364 65.3
365 71.4
366 75.6
367 77.4
368 76.8
369 66.8
370 70.5
371 61.4
372 68.9
373 73.3
374 65.1
375 76.5
376 73.4
377 67.1
378 63.4
379 64.6
380 73.4
381 65.5
382 71.9
383 55.0
384 49.2
385 67.9
386 65.6
387 75.9
388 78.2
389 70.8
390 66.4
391 88.4
392 54.7
393 84.9
394 77.6
395 59.8
396 74.7
397 74.8
398 68.4
399 67.2
400 61.0
401 77.8
402 79.3
403 76.9
404 63.4
405 -1.0
406 72.9
407 72.3
408 64.4
409 63.2
410 62.2
411 66.0
412 68.1
413 73.9
414 81.6
415 74.1
416 65.7
417 76.9
418 79.3
419 80.6
420 61.2
421 76.5
422 56.1
423 62.6
424 62.0
425 64.1
426 61.6
427 61.2
428 71.7
429 66.7
430 73.9
431 71.7
432 72.1
433 59.2
434 70.1
435 69.3
436 66.0
437 64.6
438 60.8
439 61.8
440 56.9
441 69.2
442 68.8
443 62.4
444 72.6
445 55.6
446 63.2
447 68.1
448 67.0
449 51.5
450 51.0
451 83.9
452 69.9
453 72.0
454 63.8
455 58.4
456 68.5
457 68.2
458 64.0
459 61.9
460 73.5
461 73.3
462 70.0
463 70.5
464 74.2
465 53.0
466 71.2
467 72.8
468 74.7
469 74.9
470 63.6
471 71.7
472 64.9
473 69.2
474 75.0
475 69.3
476 76.5
477 61.8
478 69.4
479 72.5
480 71.1
481 78.4
482 72.2
483 75.8
484 60.1
485 67.4
486 68.0
487 67.0
488 76.0
489 69.7
490 56.9
491 67.7
492 66.9
493 59.3
494 75.8
495 84.0
496 77.6
497 77.8
498 74.0
499 77.4
500 72.1
501 61.2
502 71.2
503 78.4
504 70.9
505 61.2
506 72.8
507 76.6
508 74.5
509 71.4
510 70.4
511 77.3
512 55.4
513 62.5
514 77.3
515 79.2
516 76.0
517 63.4
518 57.2
519 57.2
520 66.3
521 65.2
522 63.9
523 62.5
524 58.4
525 64.2
526 63.0
527 65.8
528 58.6
529 65.6
530 63.4
531 73.1
532 73.9
533 77.8
534 68.3
535 60.6
536 66.9
537 69.0
538 57.2
539 56.4
540 65.6
541 62.4
542 59.4
543 57.1
544 56.2
545 60.6
546 59.5
547 60.8
548 72.6
549 71.5
550 74.2
551 76.5
552 75.1
553 73.6
554 71.5
555 71.7
556 72.5
557 67.2
558 75.1
559 82.5
560 76.0
561 73.3
562 68.1
563 65.9
564 67.4
565 66.5
566 67.1
567 64.5
568 66.6
569 70.1
570 66.4
571 69.0
572 64.2
573 63.7
574 68.1
575 66.6
576 61.5
577 73.4
578 61.1
579 60.6
580 68.0
581 63.6
582 61.3
583 61.8
584 61.6
585 58.1
586 65.8
587 71.6
588 61.5
589 61.3
590 63.5
591 75.7
592 58.5
593 76.2
594 77.9
595 74.0
596 64.8
597 58.3
598 66.1
599 68.0
600 67.3
601 69.2
602 75.6
603 82.4
604 66.5
605 71.4
606 53.9
607 74.5
608 72.9
609 65.7
610 63.2
611 63.0
612 59.7
613 58.6
614 63.4
615 63.1
616 62.8
617 61.7
618 55.0
619 67.4
620 55.4
621 59.2
622 68.5
623 63.2
624 59.9
625 59.9
626 63.2
627 64.3
628 58.4
629 66.9
630 61.5
631 60.2
632 64.5
633 54.6
634 67.9
635 74.1
636 60.4
637 59.4
638 69.9
639 66.7
640 66.5
641 59.1
642 67.3
643 64.5
644 67.5
645 72.0
646 69.3
647 68.0
648 64.1
649 64.3
650 72.3
651 66.0
652 69.5
653 67.3
654 71.0
655 67.7
656 63.5
657 66.2
658 65.0
659 64.4
660 64.1
661 63.6
662 67.9
663 68.2
664 65.3
665 68.2
666 65.3
667 67.1
668 65.5
669 64.8
670 75.7
671 56.7
672 64.3
673 58.9
674 57.4
675 64.0
676 55.2
677 65.6
678 74.9
679 69.9
680 59.3
681 70.7
682 55.2
683 55.6
684 70.3
685 77.6
686 64.2
687 66.0
688 73.1
689 66.6
690 64.0
691 66.4
692 65.1
693 79.2
694 71.4
695 67.6
696 74.6
697 70.8
698 69.1
699 69.9
700 60.0
701 69.2
702 71.5
703 63.9
704 64.4
705 60.1
706 61.2
707 68.3
708 71.2
709 66.3
710 60.7
711 60.8
712 65.7
713 63.8
714 64.5
715 73.7
716 64.5
717 63.4
718 66.3
719 61.0
720 66.2
721 60.2
722 58.0
723 63.2
724 62.2
725 63.1
726 67.2
727 62.6
728 72.0
729 68.1
730 66.8
731 60.6
732 56.0
733 60.6
734 60.6
735 68.5
736 62.8
737 62.9
738 61.9
739 60.1
740 56.6
741 60.1
742 57.5
743 63.4
744 59.3
745 58.7
746 56.1
747 56.6
748 57.4
749 62.2
750 63.3
751 66.0
752 65.4
753 69.5
754 61.4
755 66.1
756 70.2
757 70.4
758 65.3
759 73.5
760 63.8
761 63.2
762 66.3
763 65.1
764 62.6
765 63.4
766 62.6
767 66.0
768 60.8
769 58.7
770 69.6
771 64.4
772 62.9
773 64.1
774 65.6
775 66.2
776 64.5
777 76.0
778 67.7
779 64.4
780 68.7
781 63.8
782 63.6
783 62.3
784 61.0
785 62.8
786 62.4
787 64.9
788 61.2
789 65.8
790 60.9
791 66.4
792 64.1
793 69.3
794 76.4
795 78.6
796 72.0
797 65.4
798 62.8
799 74.0
800 60.6
801 65.3
802 66.6
803 65.0
804 78.6
805 63.4
806 70.9
807 67.3
808 62.9
809 71.7
810 75.9
811 70.4
812 74.4
813 57.8
814 71.4
815 76.1
816 58.5
817 66.4
818 75.1
819 71.7
820 70.5
821 74.1
822 71.1
823 51.7
824 86.8
825 78.9
826 74.4
827 64.7
828 67.5
829 70.7
830 58.1
831 62.2
832 75.5
833 72.8
834 74.5
835 85.8
836 84.8
837 69.7
838 77.7
839 58.1
840 74.7
841 75.0
842 67.2
843 84.8
844 75.4
845 67.9
846 72.0
847 74.9
848 69.6
849 77.6
850 73.8
851 68.5
852 84.0
853 78.5
854 85.6
855 71.7
856 84.4
857 73.6
858 69.0
859 58.2
860 67.1
861 69.8
862 66.3
863 73.7
864 83.6
865 83.5
866 79.1
867 78.3
868 75.1
869 68.5
870 68.1
871 69.0
872 64.8
873 78.2
874 81.1
875 74.5
876 67.2
877 74.1
878 85.1
879 75.6
880 51.7
881 75.0
882 81.2
883 80.0
884 77.6
885 67.0
886 77.0
887 79.0
888 70.9
889 62.4
890 67.0
891 71.2
892 70.5
893 89.8
894 81.2
895 77.9
896 72.8
897 84.9
898 76.0
899 83.9
900 74.3
901 72.8
902 77.1
903 70.9
904 74.2
905 71.1
906 70.9
907 78.2
908 67.9
909 69.7
910 58.9
911 61.1
912 55.9
913 62.6
914 64.2
915 53.1
916 57.0
917 64.1
918 64.5
919 67.4
920 61.6
921 69.2
922 64.5
923 61.7
924 57.6
925 61.3
926 72.0
927 75.7
928 65.6
929 64.6
930 76.1
931 75.6
932 62.6
933 69.3
934 63.3
935 68.2
936 74.6
937 65.2
938 67.2
939 87.6
940 62.0
941 62.8
942 63.7
943 67.8
944 62.5
945 66.9
946 64.2
947 76.2
948 71.8
949 61.2
950 63.6
951 63.2
952 63.0
953 67.2
954 70.1
955 64.6
956 65.6
957 68.0
958 66.5
959 71.7
960 65.9
961 64.9
962 70.9
963 62.3
964 69.6
965 68.7
966 71.7
967 78.4
968 67.6
969 67.5
970 65.2
971 62.8
972 63.9
973 69.7
974 64.2
975 66.9
976 61.5
977 93.2
978 65.8
979 94.6
980 66.6
981 -1.0
982 74.6
983 86.8
984 70.2
985 68.2
986 70.8
987 85.1
988 104.0
989 104.0
990 83.7
991 84.2
992 79.3
993 68.4
994 77.6
995 81.0
996 60.2
997 67.4
998 64.9
999 88.7
1000 80.9
1001 72.8
1002 70.5
1003 97.9
1004 92.6
1005 70.2
1006 78.0
1007 76.5
1008 69.8
1009 94.4
1010 100.0
1011 78.9
1012 84.6
1013 74.3
1014 73.1
1015 62.8
1016 88.2
1017 65.8
1018 69.8
1019 70.8
1020 80.7
1021 96.3
1022 73.3
1023 86.7
1024 65.1
1025 75.6
1026 72.0
1027 83.1
1028 84.3
1029 88.0
1030 71.7
1031 76.9
1032 72.6
1033 67.9
1034 49.0
1035 71.1
1036 76.2
1037 102.0
1038 81.5
1039 75.0
1040 103.0
1041 73.3
1042 87.0
1043 63.2
1044 79.2
1045 78.1
1046 62.9
1047 86.8
1048 63.1
1049 73.4
1050 79.0
1051 66.6
1052 75.1
1053 82.5
1054 78.7
1055 94.3
1056 74.2
1057 73.3
1058 82.9
1059 71.1
1060 64.1
1061 71.7
1062 62.4
1063 64.7
1064 67.9
1065 73.0
1066 71.0
1067 63.1
1068 72.5
1069 77.8
1070 71.3
1071 73.6
1072 78.6
1073 76.2
1074 84.5
1075 86.2
1076 70.7
1077 68.8
1078 72.3
1079 58.9
1080 61.5
1081 70.2
1082 71.5
1083 82.2
1084 76.1
1085 72.0
1086 62.4
1087 64.9
1088 59.8
1089 70.1
1090 63.5
1091 61.1
1092 71.1
1093 70.3
1094 76.8
1095 75.7
1096 74.0
1097 73.0
1098 78.6
1099 60.6
1100 68.2
1101 72.6
1102 65.4
1103 60.2
1104 68.4
1105 73.3
1106 71.6
1107 64.2
1108 76.5
1109 71.5
1110 75.2
1111 70.8
1112 61.7
1113 68.8
1114 79.0
1115 62.0
1116 79.0
1117 81.8
1118 71.3
1119 71.4
1120 58.9
1121 59.9
1122 65.6
1123 64.6
1124 74.5
1125 62.2
1126 100.0
1127 78.1
1128 68.8
1129 59.5
1130 76.1
1131 60.7
1132 63.0
1133 69.1
1134 51.9
1135 67.4
1136 69.1
1137 73.8
1138 65.2
1139 71.7
1140 69.0
1141 65.9
1142 58.2
1143 71.9
1144 67.5
1145 71.5
1146 63.4
1147 66.6
1148 63.5
1149 76.1
1150 67.6
1151 62.4
1152 64.1
1153 62.7
1154 61.4
1155 73.3
1156 62.1
1157 66.7
1158 59.9
1159 55.4
1160 65.6
1161 59.6
1162 64.4
1163 65.9
1164 73.5
1165 61.9
1166 55.3
1167 62.2
1168 60.7
1169 59.8
1170 69.6
1171 51.2
1172 66.2
1173 50.4
1174 53.8
1175 54.9
1176 71.8
1177 57.6
1178 72.6
1179 67.9
1180 67.5
1181 66.1
1182 58.3
1183 68.2
1184 57.8
1185 64.2
1186 66.5
1187 66.9
1188 62.5
1189 60.9
1190 66.1
1191 80.2
1192 61.7
1193 74.6
1194 71.7
1195 66.7
1196 66.0
1197 68.1
1198 64.4
1199 57.1
1200 56.2
1201 58.4
1202 62.9
1203 71.5
1204 66.2
1205 70.1
1206 77.0
1207 72.7
1208 68.5
1209 71.3
1210 65.0
1211 70.4
1212 83.0
1213 67.6
1214 73.0
1215 78.6
1216 65.7
1217 68.3
1218 65.5
1219 71.7
1220 55.9
1221 59.3
1222 70.3
1223 72.0
1224 67.5
1225 63.2
1226 58.9
1227 64.0
1228 71.9
1229 88.2
1230 80.6
1231 66.8
1232 71.9
1233 68.7
1234 65.2
1235 66.9
1236 64.9
1237 66.2
1238 73.8
1239 84.6
1240 70.9
1241 62.4
1242 72.5
1243 67.3
1244 67.2
1245 76.9
1246 67.4
1247 70.8
1248 66.1
1249 79.0
1250 85.6
1251 64.9
1252 63.3
1253 83.9
1254 70.8
1255 69.5
1256 78.8
1257 55.9
1258 65.8
1259 60.7
1260 71.2
1261 69.1
1262 71.2
1263 63.6
1264 65.3
1265 72.2
1266 73.8
1267 85.6
1268 58.3
1269 66.8
1270 79.0
1271 73.7
1272 72.0
1273 78.0
1274 61.3
1275 55.8
1276 72.5
1277 60.7
1278 62.6
1279 67.5
1280 64.6
1281 60.7
1282 67.5
1283 65.3
1284 62.7
1285 66.7
1286 71.2
1287 67.9
1288 69.9
1289 75.4
1290 65.9
1291 84.1
1292 62.5
1293 66.9
1294 63.9
1295 70.0
1296 66.9
1297 63.2
1298 58.8
1299 73.2
1300 70.7
1301 54.4
1302 70.7
1303 69.8
1304 62.3
1305 79.5
1306 61.0
1307 66.2
1308 59.3
1309 59.2
1310 54.1
1311 72.5
1312 73.5
1313 57.2
1314 65.2
1315 62.1
1316 60.3
1317 61.5
1318 67.5
1319 76.9
1320 69.8
1321 58.9
1322 67.9
1323 60.9
1324 96.9
1325 62.7
1326 73.0
1327 62.0
1328 69.4
1329 69.6
1330 69.3
1331 65.7
1332 74.1
1333 72.6
1334 58.1
1335 71.1
1336 75.1
1337 69.1
1338 58.6
1339 62.5
1340 78.7
1341 62.2
1342 64.5
1343 71.3
1344 82.0
1345 66.7
1346 65.1
1347 69.9
1348 73.7
1349 80.4
1350 66.5
1351 82.2
1352 72.6
1353 70.6
1354 59.8
1355 59.1
1356 64.1
1357 69.3
1358 67.3
1359 59.6
1360 73.3
1361 63.1
1362 68.0
1363 60.5
1364 66.1
1365 72.6
1366 74.6
1367 64.8
1368 74.7
1369 71.3
1370 70.4
1371 57.1
1372 67.7
1373 66.1
1374 72.4
1375 70.8
1376 57.7
1377 74.0
1378 63.7
1379 66.4
1380 77.0
1381 68.0
1382 64.9
1383 58.0
1384 67.3
1385 60.9
1386 57.5
1387 56.0
1388 64.0
1389 58.6
1390 67.9
1391 64.8
1392 58.3
1393 57.8
1394 67.4
1395 63.1
1396 55.4
1397 66.3
1398 66.2
1399 64.1
1400 59.9
1401 65.3
1402 65.8
1403 55.9
1404 57.4
1405 56.0
1406 55.2
1407 58.4
1408 63.5
1409 60.4
1410 68.4
1411 71.9
1412 61.5
1413 57.2
1414 50.4
1415 56.9
1416 61.4
1417 53.6
1418 57.5
1419 59.0
1420 64.5
1421 63.3
1422 60.5
1423 63.8
1424 56.0
1425 60.9
1426 62.3
1427 60.6
1428 58.3
1429 60.2
1430 56.1
1431 59.2
1432 52.0
1433 53.0
1434 64.3
1435 60.2
1436 65.0
1437 68.1
1438 63.3
1439 67.7
1440 65.6
1441 61.7
1442 60.4
1443 51.6
1444 70.6
1445 74.1
1446 65.9
1447 63.1
1448 72.9
1449 67.5
1450 68.1
1451 78.4
1452 70.8
1453 60.4
1454 58.6
1455 69.3
1456 64.9
1457 71.4
1458 67.9
1459 65.4
1460 59.9
1461 60.8
1462 73.0
1463 69.9
1464 67.6
1465 62.7
1466 63.5
1467 64.3
1468 61.9
1469 63.8
1470 67.5
1471 67.4
1472 56.2
1473 60.3
1474 71.9
1475 56.0
1476 61.8
1477 63.2
1478 72.9
1479 66.1
1480 65.6
1481 57.5
1482 62.2
1483 61.6
1484 62.2
1485 58.1
1486 59.5
1487 64.2
1488 62.1
1489 66.3
1490 69.3
1491 65.4
1492 64.1
1493 62.6
1494 63.3
1495 69.7
1496 66.6
1497 76.4
1498 68.4
1499 61.6
1500 71.8
1501 63.3
1502 59.8
1503 65.6
1504 70.6
1505 69.8
1506 79.6
1507 68.0
1508 60.4
1509 54.7
1510 63.4
1511 86.6
1512 67.6
1513 66.5
1514 66.2
1515 69.8
1516 70.2
1517 75.5
1518 65.1
1519 64.7
1520 67.6
1521 67.4
1522 57.7
1523 74.9
1524 71.7
1525 70.1
1526 63.7
1527 68.2
1528 67.3
1529 66.7
1530 58.8
1531 74.0
1532 73.8
1533 68.5
1534 65.7
1535 67.6
1536 57.8
1537 72.9
1538 59.0
1539 69.4
1540 70.7
1541 71.3
1542 56.3
1543 67.4
1544 68.6
1545 61.7
1546 65.2
1547 70.3
1548 63.3
1549 66.0
1550 66.3
1551 73.0
1552 76.9
1553 57.9
1554 57.8
1555 63.0
1556 60.9
1557 61.8
1558 59.1
1559 72.1
1560 68.2
1561 69.7
1562 67.2
1563 63.2
1564 73.9
1565 62.2
1566 70.6
1567 66.7
1568 75.3
1569 76.1
1570 68.8
1571 72.4
1572 72.6
1573 70.0
1574 61.2
1575 64.8
1576 65.4
1577 68.4
1578 67.3
1579 59.4
1580 71.4
1581 66.3
1582 78.8
1583 73.2
1584 70.1
1585 74.2
1586 80.4
1587 64.2
1588 72.3
1589 77.7
1590 77.5
1591 74.0
1592 82.7
1593 66.5
1594 75.4
1595 65.3
1596 64.9
1597 66.6
1598 67.3
1599 66.8
1600 69.6
1601 76.1
1602 72.7
1603 69.0
1604 71.7
1605 62.2
1606 70.3
1607 69.1
1608 60.2
1609 62.1
1610 64.9
1611 62.4
1612 63.3
1613 62.0
1614 71.3
1615 79.1
1616 71.5
1617 65.1
1618 60.5
1619 63.5
1620 66.9
1621 60.5
1622 62.4
1623 64.4
1624 59.4
1625 62.4
1626 56.8
1627 74.1
1628 69.6
1629 60.7
1630 71.3
1631 71.0
1632 62.2
1633 61.8
1634 64.6
1635 66.4
1636 74.2
1637 71.5
1638 77.1
1639 67.4
1640 67.8
1641 72.9
1642 74.3
1643 67.5
1644 71.5
1645 68.4
1646 67.6
1647 68.5
1648 68.6
1649 70.0
1650 61.9
1651 63.9
1652 65.6
1653 67.0
1654 75.0
1655 77.2
1656 71.8
1657 69.8
1658 65.3
1659 68.1
1660 57.8
1661 59.8
1662 60.9
1663 63.1
1664 72.9
1665 71.7
1666 68.9
1667 71.1
1668 69.2
1669 64.3
1670 61.5
1671 63.3
1672 61.4
1673 69.6
1674 70.4
1675 67.7
1676 67.8
1677 81.6
1678 73.7
1679 71.0
1680 72.4
1681 63.8
1682 63.5
1683 62.8
1684 71.0
1685 66.0
1686 75.9
1687 74.6
1688 70.4
1689 67.9
1690 70.8
1691 68.5
1692 70.5
1693 71.1
1694 71.3
1695 75.9
1696 70.0
1697 67.6
1698 75.2
1699 72.2
1700 71.0
1701 60.6
1702 64.9
1703 70.8
1704 65.4
1705 71.8
1706 70.8
1707 73.3
1708 73.8
1709 72.7
1710 68.2
1711 67.0
1712 75.8
1713 72.3
1714 70.7
1715 69.0
1716 70.5
1717 72.3
1718 79.6
1719 72.1
1720 63.0
1721 70.2
1722 63.7
1723 67.3
1724 63.1
1725 64.3
1726 64.7
1727 70.4
1728 68.5
1729 63.7
1730 56.3
1731 85.3
1732 72.3
1733 72.7
1734 70.2
1735 68.8
1736 70.7
1737 64.8
1738 59.7
1739 65.5
1740 67.0
1741 66.3
1742 65.8
1743 67.8
1744 65.9
1745 76.1
1746 63.0
1747 63.8
1748 72.8
1749 63.4
1750 79.9
1751 64.7
1752 64.3
1753 69.9
1754 70.0
1755 63.9
1756 75.6
1757 71.9
1758 67.2
1759 60.9
1760 71.3
1761 63.1
1762 68.8
1763 56.4
1764 68.4
1765 67.4
1766 64.9
1767 66.0
1768 63.8
1769 72.3
1770 66.7
1771 67.9
1772 74.3
1773 69.9
1774 64.9
1775 71.4
1776 66.3
1777 75.1
1778 73.7
1779 66.0
1780 65.2
1781 68.3
1782 73.4
1783 76.1
1784 77.5
1785 72.8
1786 84.3
1787 71.4
1788 76.1
1789 71.1
1790 79.5
1791 73.2
1792 77.2
1793 75.4
1794 66.5
1795 61.1
1796 63.8
1797 62.3
1798 65.6
1799 58.7
1800 70.8
1801 68.2
1802 65.3
1803 58.5
1804 64.6
1805 69.6
1806 69.1
1807 69.7
1808 76.6
1809 71.9
1810 70.7
1811 67.9
1812 71.6
1813 67.6
1814 73.0
1815 73.3
1816 74.4
1817 67.9
1818 61.2
1819 68.0
1820 65.0
1821 71.9
1822 59.5
1823 61.5
1824 59.9
1825 65.2
1826 64.4
1827 63.0
1828 63.1
1829 69.9
1830 66.3
1831 64.2
1832 67.1
1833 61.4
1834 69.5
1835 63.0
1836 65.1
1837 63.3
1838 73.8
1839 68.2
1840 61.2
1841 62.1
1842 64.7
1843 67.6
1844 72.5
1845 66.1
1846 72.0
1847 73.3
1848 82.3
1849 65.1
1850 -1.0
1851 65.2
1852 59.6
1853 60.4
1854 59.2
1855 63.7
1856 75.2
1857 70.9
1858 66.4
1859 62.3
1860 56.3
1861 61.8
1862 66.6
1863 60.3
1864 77.7
1865 64.1
1866 67.2
1867 65.9
1868 71.3
1869 64.5
1870 65.7
1871 72.6
1872 78.7
1873 81.7
1874 64.4
1875 66.8
1876 67.3
1877 55.9
1878 65.5
1879 65.7
1880 68.6
1881 62.7
1882 68.6
1883 61.4
1884 60.4
1885 67.4
1886 75.4
1887 64.1
1888 55.4
1889 78.0
1890 61.1
1891 69.3
1892 61.3
1893 68.2
1894 69.5
1895 68.6
1896 68.0
1897 65.1
1898 71.5
1899 68.3
1900 68.0
1901 68.1
1902 69.9
1903 68.0
1904 76.5
1905 65.9
1906 60.4
1907 72.3
1908 60.2
1909 72.9
1910 68.8
1911 62.8
1912 70.8
1913 64.7
1914 71.5
1915 73.3
1916 64.7
1917 74.5
1918 71.9
1919 73.3
1920 66.4
1921 75.3
1922 78.7
1923 72.5
1924 67.4
1925 74.7
1926 76.6
1927 76.4
1928 75.3
1929 66.0
1930 75.1
1931 67.0
1932 71.7
1933 75.8
1934 74.7
1935 68.7
1936 72.3
1937 73.8
1938 70.4
1939 72.5
1940 63.4
1941 72.0
1942 72.8
1943 71.5
1944 68.6
1945 66.0
1946 64.8
1947 67.6
1948 65.9
1949 57.7
1950 73.0
1951 72.5
1952 73.9
